time	V(vout)	V(vrail)	V(vswitch)
0.000000000000000e+000	2.666983e-023	0.000000e+000	0.000000e+000
2.794999999999993e-005	-6.720539e-020	0.000000e+000	0.000000e+000
5.795000000000057e-005	-1.376798e-019	0.000000e+000	0.000000e+000
8.795000000000130e-005	5.732760e-020	0.000000e+000	0.000000e+000
1.179500000000020e-004	5.742426e-019	0.000000e+000	0.000000e+000
1.479500000000028e-004	4.440999e-019	0.000000e+000	0.000000e+000
1.779500000000035e-004	3.476873e-019	0.000000e+000	0.000000e+000
2.079500000000042e-004	2.762627e-019	0.000000e+000	0.000000e+000
2.379500000000049e-004	2.233499e-019	0.000000e+000	0.000000e+000
2.679500000000057e-004	1.841509e-019	0.000000e+000	0.000000e+000
2.979500000000064e-004	1.551114e-019	0.000000e+000	0.000000e+000
3.279500000000071e-004	1.335984e-019	0.000000e+000	0.000000e+000
3.579500000000079e-004	1.176610e-019	0.000000e+000	0.000000e+000
3.879500000000086e-004	1.058543e-019	0.000000e+000	0.000000e+000
4.179500000000093e-004	9.710759e-020	0.000000e+000	0.000000e+000
4.479500000000101e-004	9.062786e-020	0.000000e+000	0.000000e+000
4.779500000000108e-004	8.582752e-020	0.000000e+000	0.000000e+000
5.000000000000000e-004	0.000000e+000	0.000000e+000	0.000000e+000
5.000000001000000e-004	6.990624e-005	5.999999e-001	0.000000e+000
5.000000002999999e-004	2.058948e-004	1.799999e+000	0.000000e+000
5.000000004427459e-004	3.047181e-004	2.656476e+000	0.000000e+000
5.000000005006470e-004	3.460340e-004	3.003881e+000	0.000000e+000
5.000000005050236e-004	3.491103e-004	3.030141e+000	0.000000e+000
5.000000005061651e-004	3.498170e-004	3.036991e+000	0.000000e+000
5.000000005070314e-004	3.502857e-004	3.042188e+000	0.000000e+000
5.000000005075435e-004	3.505576e-004	3.045261e+000	0.000000e+000
5.000000005089707e-004	3.513511e-004	3.053824e+000	0.000000e+000
5.000000005146800e-004	3.544916e-004	3.088080e+000	0.000000e+000
5.000000005375170e-004	3.666860e-004	3.225101e+000	0.000000e+000
5.000000007506626e-004	4.753536e-004	4.503975e+000	0.000000e+000
5.000000009942575e-004	5.941602e-004	5.965545e+000	0.000000e+000
5.000000010000000e-004	5.969001e-004	6.000000e+000	0.000000e+000
5.000000010029178e-004	5.972204e-004	6.000000e+000	0.000000e+000
5.000000010087533e-004	5.978527e-004	6.000000e+000	0.000000e+000
5.000000010437667e-004	6.013692e-004	6.000000e+000	0.000000e+000
5.000000010904510e-004	6.054032e-004	6.000000e+000	0.000000e+000
5.000000011838198e-004	6.117259e-004	6.000000e+000	0.000000e+000
5.000000013705572e-004	6.201956e-004	6.000000e+000	0.000000e+000
5.000000016263037e-004	6.266746e-004	6.000000e+000	0.000000e+000
5.000000019126802e-004	6.299121e-004	6.000000e+000	0.000000e+000
5.000000022681503e-004	6.313422e-004	6.000000e+000	0.000000e+000
5.000000027322045e-004	6.318683e-004	6.000000e+000	0.000000e+000
5.000000034313946e-004	6.320116e-004	6.000000e+000	0.000000e+000
5.000000045508914e-004	6.320296e-004	6.000000e+000	0.000000e+000
5.000000067898849e-004	6.320286e-004	6.000000e+000	0.000000e+000
5.000000102905504e-004	6.320287e-004	5.999999e+000	0.000000e+000
5.000000150050778e-004	6.320286e-004	5.999999e+000	0.000000e+000
5.000000228914271e-004	6.320284e-004	5.999998e+000	0.000000e+000
5.000000386641255e-004	6.320280e-004	5.999996e+000	0.000000e+000
5.000000702095225e-004	6.320273e-004	5.999993e+000	0.000000e+000
5.000001333003163e-004	6.320259e-004	5.999987e+000	0.000000e+000
5.000002594819041e-004	6.320231e-004	5.999974e+000	0.000000e+000
5.000005118450796e-004	6.320174e-004	5.999949e+000	0.000000e+000
5.000010165714306e-004	6.320060e-004	5.999898e+000	0.000000e+000
5.000020260241325e-004	6.319834e-004	5.999797e+000	0.000000e+000
5.000040449295364e-004	6.319382e-004	5.999596e+000	0.000000e+000
5.000077034788595e-004	6.318567e-004	5.999230e+000	0.000000e+000
5.000115553739757e-004	6.317716e-004	5.998845e+000	0.000000e+000
5.000166144332858e-004	6.316608e-004	5.998339e+000	0.000000e+000
5.000219596527486e-004	6.315449e-004	5.997804e+000	0.000000e+000
5.000290048753721e-004	6.313942e-004	5.997099e+000	0.000000e+000
5.000369199009734e-004	6.312276e-004	5.996308e+000	0.000000e+000
5.000476520445481e-004	6.310069e-004	5.995235e+000	0.000000e+000
5.000608125567518e-004	6.307447e-004	5.993919e+000	0.000000e+000
5.000804712924541e-004	6.303722e-004	5.991953e+000	0.000000e+000
5.001091560373807e-004	6.298801e-004	5.989085e+000	0.000000e+000
5.001651109704680e-004	6.291349e-004	5.983489e+000	0.000000e+000
5.002651109704679e-004	6.284784e-004	5.973489e+000	0.000000e+000
5.003651109704679e-004	6.289481e-004	5.963489e+000	0.000000e+000
5.004651109704678e-004	6.311546e-004	5.953489e+000	0.000000e+000
5.005651109704678e-004	6.358264e-004	5.943489e+000	0.000000e+000
5.006651109704677e-004	6.439392e-004	5.933489e+000	0.000000e+000
5.007651109704676e-004	6.567714e-004	5.923489e+000	0.000000e+000
5.008651109704676e-004	6.759597e-004	5.913489e+000	0.000000e+000
5.009651109704675e-004	7.035533e-004	5.903489e+000	0.000000e+000
5.010651109704675e-004	7.420609e-004	5.893489e+000	0.000000e+000
5.011651109704674e-004	7.944853e-004	5.883489e+000	0.000000e+000
5.012651109704674e-004	8.643414e-004	5.873489e+000	0.000000e+000
5.013651109704673e-004	9.556518e-004	5.863489e+000	0.000000e+000
5.014651109704673e-004	1.072917e-003	5.853489e+000	0.000000e+000
5.015651109704672e-004	1.221056e-003	5.843489e+000	0.000000e+000
5.016651109704672e-004	1.405320e-003	5.833489e+000	0.000000e+000
5.017651109704671e-004	1.631178e-003	5.823489e+000	0.000000e+000
5.018651109704671e-004	1.904175e-003	5.813489e+000	0.000000e+000
5.019651109704670e-004	2.229777e-003	5.803489e+000	0.000000e+000
5.020651109704670e-004	2.613198e-003	5.793489e+000	0.000000e+000
5.021651109704669e-004	3.059231e-003	5.783489e+000	0.000000e+000
5.022651109704669e-004	3.572077e-003	5.773489e+000	0.000000e+000
5.023651109704668e-004	4.155190e-003	5.763489e+000	0.000000e+000
5.024651109704668e-004	4.811144e-003	5.753489e+000	0.000000e+000
5.025651109704667e-004	5.541526e-003	5.743489e+000	0.000000e+000
5.026651109704667e-004	6.346863e-003	5.733489e+000	0.000000e+000
5.027651109704666e-004	7.226582e-003	5.723489e+000	0.000000e+000
5.028651109704666e-004	8.179007e-003	5.713489e+000	0.000000e+000
5.029651109704665e-004	9.201391e-003	5.703489e+000	0.000000e+000
5.030651109704665e-004	1.028998e-002	5.693489e+000	0.000000e+000
5.031651109704664e-004	1.144011e-002	5.683489e+000	0.000000e+000
5.032651109704664e-004	1.264630e-002	5.673489e+000	0.000000e+000
5.033651109704663e-004	1.390242e-002	5.663489e+000	0.000000e+000
5.034651109704663e-004	1.520179e-002	5.653489e+000	0.000000e+000
5.035651109704662e-004	1.653736e-002	5.643489e+000	0.000000e+000
5.036651109704661e-004	1.790186e-002	5.633489e+000	0.000000e+000
5.037651109704661e-004	1.928790e-002	5.623489e+000	0.000000e+000
5.038651109704660e-004	2.068814e-002	5.613489e+000	0.000000e+000
5.039651109704660e-004	2.209539e-002	5.603489e+000	0.000000e+000
5.040651109704659e-004	2.350274e-002	5.593489e+000	0.000000e+000
5.041651109704659e-004	2.490361e-002	5.583489e+000	0.000000e+000
5.042651109704658e-004	2.629186e-002	5.573489e+000	0.000000e+000
5.043651109704658e-004	2.766182e-002	5.563489e+000	0.000000e+000
5.044651109704657e-004	2.900834e-002	5.553489e+000	0.000000e+000
5.045651109704657e-004	3.032682e-002	5.543489e+000	0.000000e+000
5.046651109704656e-004	3.161320e-002	5.533489e+000	0.000000e+000
5.047651109704656e-004	3.286400e-002	5.523489e+000	0.000000e+000
5.048651109704655e-004	3.407627e-002	5.513489e+000	0.000000e+000
5.049651109704655e-004	3.524759e-002	5.503489e+000	0.000000e+000
5.050651109704654e-004	3.637605e-002	5.493489e+000	0.000000e+000
5.051651109704654e-004	3.746019e-002	5.483489e+000	0.000000e+000
5.053651109704653e-004	3.949193e-002	5.463489e+000	0.000000e+000
5.055651109704652e-004	4.133935e-002	5.443489e+000	0.000000e+000
5.057651109704651e-004	4.300418e-002	5.423489e+000	0.000000e+000
5.059651109704650e-004	4.449221e-002	5.403489e+000	0.000000e+000
5.060651109704649e-004	4.517255e-002	5.393489e+000	0.000000e+000
5.061651109704649e-004	4.581213e-002	5.383489e+000	0.000000e+000
5.062651109704648e-004	4.641234e-002	5.373489e+000	0.000000e+000
5.063651109704648e-004	4.697464e-002	5.363489e+000	0.000000e+000
5.064651109704647e-004	4.750054e-002	5.353489e+000	0.000000e+000
5.065651109704646e-004	4.799160e-002	5.343489e+000	0.000000e+000
5.066651109704646e-004	4.844939e-002	5.333489e+000	0.000000e+000
5.067651109704645e-004	4.887546e-002	5.323489e+000	0.000000e+000
5.068651109704645e-004	4.927138e-002	5.313489e+000	0.000000e+000
5.069651109704644e-004	4.963869e-002	5.303489e+000	0.000000e+000
5.070651109704644e-004	4.997889e-002	5.293489e+000	0.000000e+000
5.071651109704643e-004	5.029346e-002	5.283489e+000	0.000000e+000
5.072651109704643e-004	5.058383e-002	5.273489e+000	0.000000e+000
5.073651109704642e-004	5.085139e-002	5.263489e+000	0.000000e+000
5.074651109704642e-004	5.109746e-002	5.253489e+000	0.000000e+000
5.075651109704641e-004	5.132332e-002	5.243489e+000	0.000000e+000
5.076651109704641e-004	5.153022e-002	5.233489e+000	0.000000e+000
5.077651109704640e-004	5.171932e-002	5.223489e+000	0.000000e+000
5.078651109704640e-004	5.189174e-002	5.213489e+000	0.000000e+000
5.079651109704639e-004	5.204853e-002	5.203489e+000	0.000000e+000
5.080651109704639e-004	5.219071e-002	5.193489e+000	0.000000e+000
5.081651109704638e-004	5.231923e-002	5.183489e+000	0.000000e+000
5.082651109704638e-004	5.243499e-002	5.173489e+000	0.000000e+000
5.083651109704637e-004	5.253884e-002	5.163489e+000	0.000000e+000
5.084651109704637e-004	5.263158e-002	5.153489e+000	0.000000e+000
5.085651109704636e-004	5.271397e-002	5.143489e+000	0.000000e+000
5.086651109704636e-004	5.278671e-002	5.133489e+000	0.000000e+000
5.087651109704635e-004	5.285046e-002	5.123489e+000	0.000000e+000
5.088651109704635e-004	5.290586e-002	5.113489e+000	0.000000e+000
5.089651109704634e-004	5.295347e-002	5.103489e+000	0.000000e+000
5.090651109704634e-004	5.299386e-002	5.093489e+000	0.000000e+000
5.091651109704633e-004	5.302751e-002	5.083489e+000	0.000000e+000
5.092651109704632e-004	5.305493e-002	5.073489e+000	0.000000e+000
5.093651109704632e-004	5.307654e-002	5.063489e+000	0.000000e+000
5.094651109704631e-004	5.309276e-002	5.053489e+000	0.000000e+000
5.095651109704631e-004	5.310397e-002	5.043489e+000	0.000000e+000
5.096651109704630e-004	5.311055e-002	5.033489e+000	0.000000e+000
5.097651109704630e-004	5.311282e-002	5.023489e+000	0.000000e+000
5.098651109704629e-004	5.311109e-002	5.013489e+000	0.000000e+000
5.099651109704629e-004	5.310621e-002	5.003489e+000	0.000000e+000
5.100000000000000e-004	5.310377e-002	5.000000e+000	0.000000e+000
5.100100000000001e-004	5.310297e-002	5.000000e+000	0.000000e+000
5.100300000000001e-004	5.310130e-002	5.000000e+000	0.000000e+000
5.100700000000001e-004	5.309757e-002	5.000000e+000	0.000000e+000
5.101482956843472e-004	5.308921e-002	5.000000e+000	0.000000e+000
5.102295520893749e-004	5.307908e-002	5.000000e+000	0.000000e+000
5.103295520893749e-004	5.306460e-002	5.000000e+000	0.000000e+000
5.104295520893748e-004	5.304810e-002	5.000000e+000	0.000000e+000
5.105295520893748e-004	5.302963e-002	5.000000e+000	0.000000e+000
5.106295520893747e-004	5.300933e-002	5.000000e+000	0.000000e+000
5.108295520893746e-004	5.296369e-002	5.000000e+000	0.000000e+000
5.110295520893745e-004	5.291206e-002	5.000000e+000	0.000000e+000
5.112295520893744e-004	5.285518e-002	5.000000e+000	0.000000e+000
5.113295520893744e-004	5.282498e-002	5.000000e+000	0.000000e+000
5.114295520893743e-004	5.279370e-002	5.000000e+000	0.000000e+000
5.115295520893743e-004	5.276142e-002	5.000000e+000	0.000000e+000
5.116295520893742e-004	5.272818e-002	5.000000e+000	0.000000e+000
5.117295520893742e-004	5.269405e-002	5.000000e+000	0.000000e+000
5.118295520893741e-004	5.265907e-002	5.000000e+000	0.000000e+000
5.119295520893741e-004	5.262331e-002	5.000000e+000	0.000000e+000
5.120295520893740e-004	5.258680e-002	5.000000e+000	0.000000e+000
5.121295520893740e-004	5.254959e-002	5.000000e+000	0.000000e+000
5.122295520893739e-004	5.251173e-002	5.000000e+000	0.000000e+000
5.123295520893738e-004	5.247324e-002	5.000000e+000	0.000000e+000
5.124295520893738e-004	5.243417e-002	5.000000e+000	0.000000e+000
5.125295520893737e-004	5.239454e-002	5.000000e+000	0.000000e+000
5.126295520893737e-004	5.235439e-002	5.000000e+000	0.000000e+000
5.127295520893736e-004	5.231375e-002	5.000000e+000	0.000000e+000
5.128295520893736e-004	5.227264e-002	5.000000e+000	0.000000e+000
5.129295520893735e-004	5.223110e-002	5.000000e+000	0.000000e+000
5.130295520893735e-004	5.218914e-002	5.000000e+000	0.000000e+000
5.131295520893734e-004	5.214679e-002	5.000000e+000	0.000000e+000
5.132295520893734e-004	5.210408e-002	5.000000e+000	0.000000e+000
5.133295520893733e-004	5.206101e-002	5.000000e+000	0.000000e+000
5.134295520893733e-004	5.201761e-002	5.000000e+000	0.000000e+000
5.135295520893732e-004	5.197391e-002	5.000000e+000	0.000000e+000
5.137295520893731e-004	5.188563e-002	5.000000e+000	0.000000e+000
5.139295520893730e-004	5.179631e-002	5.000000e+000	0.000000e+000
5.141295520893729e-004	5.170604e-002	5.000000e+000	0.000000e+000
5.143295520893728e-004	5.161495e-002	5.000000e+000	0.000000e+000
5.145295520893727e-004	5.152311e-002	5.000000e+000	0.000000e+000
5.147295520893726e-004	5.143061e-002	5.000000e+000	0.000000e+000
5.149295520893725e-004	5.133753e-002	5.000000e+000	0.000000e+000
5.151295520893724e-004	5.124393e-002	5.000000e+000	0.000000e+000
5.153295520893723e-004	5.114987e-002	5.000000e+000	0.000000e+000
5.155295520893722e-004	5.105541e-002	5.000000e+000	0.000000e+000
5.157295520893721e-004	5.096060e-002	5.000000e+000	0.000000e+000
5.159295520893720e-004	5.086548e-002	5.000000e+000	0.000000e+000
5.161295520893719e-004	5.077009e-002	5.000000e+000	0.000000e+000
5.163295520893718e-004	5.067447e-002	5.000000e+000	0.000000e+000
5.165295520893717e-004	5.057866e-002	5.000000e+000	0.000000e+000
5.167295520893716e-004	5.048269e-002	5.000000e+000	0.000000e+000
5.168295520893715e-004	5.043465e-002	5.000000e+000	0.000000e+000
5.169295520893715e-004	5.038658e-002	5.000000e+000	0.000000e+000
5.170295520893714e-004	5.033848e-002	5.000000e+000	0.000000e+000
5.171295520893714e-004	5.029036e-002	5.000000e+000	0.000000e+000
5.172295520893713e-004	5.024222e-002	5.000000e+000	0.000000e+000
5.173295520893713e-004	5.019405e-002	5.000000e+000	0.000000e+000
5.174295520893712e-004	5.014588e-002	5.000000e+000	0.000000e+000
5.175295520893712e-004	5.009768e-002	5.000000e+000	0.000000e+000
5.176295520893711e-004	5.004948e-002	5.000000e+000	0.000000e+000
5.177295520893711e-004	5.000127e-002	5.000000e+000	0.000000e+000
5.178295520893710e-004	4.995305e-002	5.000000e+000	0.000000e+000
5.179295520893710e-004	4.990483e-002	5.000000e+000	0.000000e+000
5.180295520893709e-004	4.985660e-002	5.000000e+000	0.000000e+000
5.181295520893708e-004	4.980837e-002	5.000000e+000	0.000000e+000
5.182295520893708e-004	4.976015e-002	5.000000e+000	0.000000e+000
5.183295520893707e-004	4.971193e-002	5.000000e+000	0.000000e+000
5.185295520893706e-004	4.961550e-002	5.000000e+000	0.000000e+000
5.187295520893705e-004	4.951910e-002	5.000000e+000	0.000000e+000
5.189295520893704e-004	4.942275e-002	5.000000e+000	0.000000e+000
5.192295520893703e-004	4.927832e-002	5.000000e+000	0.000000e+000
5.195295520893701e-004	4.913405e-002	5.000000e+000	0.000000e+000
5.198295520893700e-004	4.898996e-002	5.000000e+000	0.000000e+000
5.201295520893698e-004	4.884603e-002	5.000000e+000	0.000000e+000
5.204295520893697e-004	4.870238e-002	5.000000e+000	0.000000e+000
5.207295520893695e-004	4.855900e-002	5.000000e+000	0.000000e+000
5.210295520893693e-004	4.841590e-002	5.000000e+000	0.000000e+000
5.213295520893692e-004	4.827307e-002	5.000000e+000	0.000000e+000
5.216295520893690e-004	4.813051e-002	5.000000e+000	0.000000e+000
5.219295520893689e-004	4.798822e-002	5.000000e+000	0.000000e+000
5.222866949465115e-004	4.781927e-002	5.000000e+000	0.000000e+000
5.226438378036542e-004	4.765081e-002	5.000000e+000	0.000000e+000
5.230009806607968e-004	4.748284e-002	5.000000e+000	0.000000e+000
5.233581235179396e-004	4.731537e-002	5.000000e+000	0.000000e+000
5.237152663750823e-004	4.714840e-002	5.000000e+000	0.000000e+000
5.240724092322249e-004	4.698192e-002	5.000000e+000	0.000000e+000
5.244295520893676e-004	4.681593e-002	5.000000e+000	0.000000e+000
5.249009806607959e-004	4.659765e-002	5.000000e+000	0.000000e+000
5.253724092322243e-004	4.638030e-002	5.000000e+000	0.000000e+000
5.258438378036525e-004	4.616389e-002	5.000000e+000	0.000000e+000
5.263152663750809e-004	4.594843e-002	5.000000e+000	0.000000e+000
5.267866949465092e-004	4.573390e-002	5.000000e+000	0.000000e+000
5.272581235179376e-004	4.552032e-002	5.000000e+000	0.000000e+000
5.277295520893659e-004	4.530767e-002	5.000000e+000	0.000000e+000
5.283152663750799e-004	4.504482e-002	5.000000e+000	0.000000e+000
5.289009806607938e-004	4.478343e-002	5.000000e+000	0.000000e+000
5.294866949465078e-004	4.452352e-002	5.000000e+000	0.000000e+000
5.300724092322218e-004	4.426507e-002	5.000000e+000	0.000000e+000
5.306581235179358e-004	4.400809e-002	5.000000e+000	0.000000e+000
5.312438378036497e-004	4.375257e-002	5.000000e+000	0.000000e+000
5.318295520893638e-004	4.349852e-002	5.000000e+000	0.000000e+000
5.319295520893637e-004	4.345529e-002	5.000000e+000	0.000000e+000
5.330866949465059e-004	4.295827e-002	5.000000e+000	0.000000e+000
5.342438378036482e-004	4.246674e-002	5.000000e+000	0.000000e+000
5.354009806607904e-004	4.198071e-002	5.000000e+000	0.000000e+000
5.365581235179328e-004	4.150017e-002	5.000000e+000	0.000000e+000
5.377152663750750e-004	4.102514e-002	5.000000e+000	0.000000e+000
5.388724092322173e-004	4.055560e-002	5.000000e+000	0.000000e+000
5.400295520893595e-004	4.009155e-002	5.000000e+000	0.000000e+000
5.429295520893580e-004	3.895356e-002	5.000000e+000	0.000000e+000
5.458295520893565e-004	3.784578e-002	5.000000e+000	0.000000e+000
5.487295520893550e-004	3.676822e-002	5.000000e+000	0.000000e+000
5.516295520893535e-004	3.572086e-002	5.000000e+000	0.000000e+000
5.545295520893520e-004	3.470371e-002	5.000000e+000	0.000000e+000
5.574295520893505e-004	3.371678e-002	5.000000e+000	0.000000e+000
5.603295520893490e-004	3.276005e-002	5.000000e+000	0.000000e+000
5.619295520893482e-004	3.224278e-002	5.000000e+000	0.000000e+000
5.643724092322041e-004	3.146983e-002	5.000000e+000	0.000000e+000
5.668152663750600e-004	3.071442e-002	5.000000e+000	0.000000e+000
5.692581235179158e-004	2.997656e-002	5.000000e+000	0.000000e+000
5.717009806607716e-004	2.925623e-002	5.000000e+000	0.000000e+000
5.741438378036275e-004	2.855344e-002	5.000000e+000	0.000000e+000
5.765866949464834e-004	2.786820e-002	5.000000e+000	0.000000e+000
5.790295520893393e-004	2.720049e-002	5.000000e+000	0.000000e+000
5.808581235179098e-004	2.671085e-002	5.000000e+000	0.000000e+000
5.826866949464803e-004	2.622969e-002	5.000000e+000	0.000000e+000
5.845152663750508e-004	2.575699e-002	5.000000e+000	0.000000e+000
5.863438378036212e-004	2.529276e-002	5.000000e+000	0.000000e+000
5.881724092321917e-004	2.483700e-002	5.000000e+000	0.000000e+000
5.900009806607622e-004	2.438971e-002	5.000000e+000	0.000000e+000
5.918295520893327e-004	2.395089e-002	5.000000e+000	0.000000e+000
5.919295520893326e-004	2.392710e-002	5.000000e+000	0.000000e+000
5.940152663750459e-004	2.343683e-002	5.000000e+000	0.000000e+000
5.961009806607590e-004	2.295616e-002	5.000000e+000	0.000000e+000
5.981866949464722e-004	2.248509e-002	5.000000e+000	0.000000e+000
6.002724092321855e-004	2.202364e-002	5.000000e+000	0.000000e+000
6.023581235178987e-004	2.157179e-002	5.000000e+000	0.000000e+000
6.044438378036118e-004	2.112955e-002	5.000000e+000	0.000000e+000
6.065295520893251e-004	2.069692e-002	5.000000e+000	0.000000e+000
6.087152663750383e-004	2.025310e-002	5.000000e+000	0.000000e+000
6.109009806607513e-004	1.981838e-002	5.000000e+000	0.000000e+000
6.130866949464645e-004	1.939275e-002	5.000000e+000	0.000000e+000
6.152724092321777e-004	1.897621e-002	5.000000e+000	0.000000e+000
6.174581235178909e-004	1.856876e-002	5.000000e+000	0.000000e+000
6.196438378036040e-004	1.817040e-002	5.000000e+000	0.000000e+000
6.218295520893172e-004	1.778113e-002	5.000000e+000	0.000000e+000
6.219295520893171e-004	1.776350e-002	5.000000e+000	0.000000e+000
6.256152663750295e-004	1.712785e-002	5.000000e+000	0.000000e+000
6.293009806607418e-004	1.651325e-002	5.000000e+000	0.000000e+000
6.329866949464542e-004	1.591971e-002	5.000000e+000	0.000000e+000
6.366724092321666e-004	1.534724e-002	5.000000e+000	0.000000e+000
6.403581235178790e-004	1.479582e-002	5.000000e+000	0.000000e+000
6.440438378035913e-004	1.426546e-002	5.000000e+000	0.000000e+000
6.477295520893037e-004	1.375617e-002	5.000000e+000	0.000000e+000
6.519295520893016e-004	1.319614e-002	5.000000e+000	0.000000e+000
6.562009806607279e-004	1.265242e-002	5.000000e+000	0.000000e+000
6.604724092321543e-004	1.212926e-002	5.000000e+000	0.000000e+000
6.647438378035806e-004	1.162665e-002	5.000000e+000	0.000000e+000
6.690152663750070e-004	1.114459e-002	5.000000e+000	0.000000e+000
6.732866949464333e-004	1.068308e-002	5.000000e+000	0.000000e+000
6.775581235178598e-004	1.024212e-002	5.000000e+000	0.000000e+000
6.818295520892861e-004	9.821706e-003	5.000000e+000	0.000000e+000
6.819295520892860e-004	9.812028e-003	5.000000e+000	0.000000e+000
6.862009806607123e-004	9.409193e-003	5.000000e+000	0.000000e+000
6.904724092321388e-004	9.021585e-003	5.000000e+000	0.000000e+000
6.947438378035651e-004	8.649205e-003	5.000000e+000	0.000000e+000
6.990152663749915e-004	8.292052e-003	5.000000e+000	0.000000e+000
7.032866949464178e-004	7.950127e-003	5.000000e+000	0.000000e+000
7.075581235178442e-004	7.623430e-003	5.000000e+000	0.000000e+000
7.118295520892705e-004	7.311960e-003	5.000000e+000	0.000000e+000
7.119295520892705e-004	7.304789e-003	5.000000e+000	0.000000e+000
7.162009806606968e-004	7.006341e-003	5.000000e+000	0.000000e+000
7.204724092321232e-004	6.719176e-003	5.000000e+000	0.000000e+000
7.247438378035495e-004	6.443292e-003	5.000000e+000	0.000000e+000
7.290152663749760e-004	6.178691e-003	5.000000e+000	0.000000e+000
7.332866949464023e-004	5.925373e-003	5.000000e+000	0.000000e+000
7.375581235178287e-004	5.683336e-003	5.000000e+000	0.000000e+000
7.418295520892550e-004	5.452583e-003	5.000000e+000	0.000000e+000
7.419295520892550e-004	5.447270e-003	5.000000e+000	0.000000e+000
7.462009806606813e-004	5.226164e-003	5.000000e+000	0.000000e+000
7.504724092321077e-004	5.013417e-003	5.000000e+000	0.000000e+000
7.547438378035340e-004	4.809028e-003	5.000000e+000	0.000000e+000
7.590152663749604e-004	4.612999e-003	5.000000e+000	0.000000e+000
7.632866949463867e-004	4.425328e-003	5.000000e+000	0.000000e+000
7.675581235178132e-004	4.246016e-003	5.000000e+000	0.000000e+000
7.718295520892395e-004	4.075063e-003	5.000000e+000	0.000000e+000
7.719295520892394e-004	4.071128e-003	5.000000e+000	0.000000e+000
7.762009806606657e-004	3.907322e-003	5.000000e+000	0.000000e+000
7.804724092320922e-004	3.749709e-003	5.000000e+000	0.000000e+000
7.847438378035185e-004	3.598289e-003	5.000000e+000	0.000000e+000
7.890152663749449e-004	3.453061e-003	5.000000e+000	0.000000e+000
7.932866949463712e-004	3.314027e-003	5.000000e+000	0.000000e+000
7.975581235177976e-004	3.181185e-003	5.000000e+000	0.000000e+000
8.018295520892239e-004	3.054536e-003	5.000000e+000	0.000000e+000
8.019295520892239e-004	3.051620e-003	5.000000e+000	0.000000e+000
8.062009806606502e-004	2.930266e-003	5.000000e+000	0.000000e+000
8.104724092320766e-004	2.813500e-003	5.000000e+000	0.000000e+000
8.147438378035029e-004	2.701322e-003	5.000000e+000	0.000000e+000
8.190152663749294e-004	2.593732e-003	5.000000e+000	0.000000e+000
8.232866949463557e-004	2.490729e-003	5.000000e+000	0.000000e+000
8.275581235177821e-004	2.392315e-003	5.000000e+000	0.000000e+000
8.318295520892084e-004	2.298488e-003	5.000000e+000	0.000000e+000
8.319295520892084e-004	2.296328e-003	5.000000e+000	0.000000e+000
8.362009806606347e-004	2.206424e-003	5.000000e+000	0.000000e+000
8.404724092320611e-004	2.119919e-003	5.000000e+000	0.000000e+000
8.447438378034874e-004	2.036813e-003	5.000000e+000	0.000000e+000
8.490152663749138e-004	1.957106e-003	5.000000e+000	0.000000e+000
8.532866949463401e-004	1.880798e-003	5.000000e+000	0.000000e+000
8.575581235177666e-004	1.807888e-003	5.000000e+000	0.000000e+000
8.618295520891929e-004	1.738378e-003	5.000000e+000	0.000000e+000
8.619295520891928e-004	1.736778e-003	5.000000e+000	0.000000e+000
8.662009806606191e-004	1.670174e-003	5.000000e+000	0.000000e+000
8.704724092320456e-004	1.606087e-003	5.000000e+000	0.000000e+000
8.747438378034719e-004	1.544519e-003	5.000000e+000	0.000000e+000
8.790152663748983e-004	1.485469e-003	5.000000e+000	0.000000e+000
8.832866949463246e-004	1.428937e-003	5.000000e+000	0.000000e+000
8.875581235177510e-004	1.374923e-003	5.000000e+000	0.000000e+000
8.918295520891773e-004	1.323427e-003	5.000000e+000	0.000000e+000
8.919295520891773e-004	1.322242e-003	5.000000e+000	0.000000e+000
8.962009806606036e-004	1.272899e-003	5.000000e+000	0.000000e+000
9.004724092320300e-004	1.225421e-003	5.000000e+000	0.000000e+000
9.047438378034563e-004	1.179809e-003	5.000000e+000	0.000000e+000
9.090152663748828e-004	1.136063e-003	5.000000e+000	0.000000e+000
9.132866949463091e-004	1.094182e-003	5.000000e+000	0.000000e+000
9.175581235177355e-004	1.054166e-003	5.000000e+000	0.000000e+000
9.218295520891618e-004	1.016016e-003	5.000000e+000	0.000000e+000
9.219295520891618e-004	1.015138e-003	5.000000e+000	0.000000e+000
9.262009806605881e-004	9.785825e-004	5.000000e+000	0.000000e+000
9.304724092320145e-004	9.434094e-004	5.000000e+000	0.000000e+000
9.347438378034408e-004	9.096183e-004	5.000000e+000	0.000000e+000
9.390152663748672e-004	8.772092e-004	5.000000e+000	0.000000e+000
9.432866949462935e-004	8.461821e-004	5.000000e+000	0.000000e+000
9.475581235177200e-004	8.165371e-004	5.000000e+000	0.000000e+000
9.518295520891463e-004	7.882740e-004	5.000000e+000	0.000000e+000
9.519295520891462e-004	7.876234e-004	5.000000e+000	0.000000e+000
9.562009806605734e-004	7.605420e-004	5.000000e+000	0.000000e+000
9.604724092320006e-004	7.344844e-004	5.000000e+000	0.000000e+000
9.647438378034278e-004	7.094507e-004	5.000000e+000	0.000000e+000
9.690152663748548e-004	6.854409e-004	5.000000e+000	0.000000e+000
9.732866949462820e-004	6.624549e-004	5.000000e+000	0.000000e+000
9.775581235177092e-004	6.404927e-004	5.000000e+000	0.000000e+000
9.818295520891364e-004	6.195544e-004	5.000000e+000	0.000000e+000
9.819295520891364e-004	6.190724e-004	5.000000e+000	0.000000e+000
9.845009806605666e-004	6.068607e-004	5.000000e+000	0.000000e+000
9.870724092319965e-004	5.949404e-004	5.000000e+000	0.000000e+000
9.896438378034266e-004	5.833114e-004	5.000000e+000	0.000000e+000
9.922152663748565e-004	5.719738e-004	5.000000e+000	0.000000e+000
9.947866949462866e-004	5.609275e-004	5.000000e+000	0.000000e+000
9.973581235177165e-004	5.501726e-004	5.000000e+000	0.000000e+000
9.999295520891466e-004	5.397089e-004	5.000000e+000	0.000000e+000
1.000000000000000e-003	5.394255e-004	5.000000e+000	0.000000e+000
1.000000000100000e-003	5.394255e-004	5.000000e+000	5.000000e-001
1.000000000300000e-003	5.394255e-004	5.000000e+000	1.500001e+000
1.000000000453530e-003	5.394255e-004	5.000000e+000	2.267648e+000
1.000000000605981e-003	5.394255e-004	5.000000e+000	3.029904e+000
1.000000000910883e-003	5.394255e-004	5.000000e+000	4.554416e+000
1.000000001000000e-003	5.394255e-004	5.000000e+000	5.000000e+000
1.000000001060981e-003	5.394255e-004	5.000000e+000	5.000000e+000
1.000000001182942e-003	5.394255e-004	5.000000e+000	5.000000e+000
1.000000001426863e-003	5.394255e-004	5.000000e+000	5.000000e+000
1.000000001914707e-003	5.394255e-004	5.000000e+000	5.000000e+000
1.000000002890395e-003	5.394255e-004	5.000000e+000	5.000000e+000
1.000000004841770e-003	5.394255e-004	5.000000e+000	5.000000e+000
1.000000008744520e-003	5.394255e-004	5.000000e+000	5.000000e+000
1.000000016550020e-003	5.394254e-004	5.000000e+000	5.000000e+000
1.000000032161020e-003	5.394254e-004	5.000000e+000	5.000000e+000
1.000000063383020e-003	5.394252e-004	5.000000e+000	5.000000e+000
1.000000125827020e-003	5.394250e-004	5.000000e+000	5.000000e+000
1.000000187716681e-003	5.394248e-004	5.000000e+000	5.000000e+000
1.000000304292785e-003	5.394243e-004	5.000000e+000	5.000000e+000
1.000000422618244e-003	5.394238e-004	5.000000e+000	5.000000e+000
1.000000659269162e-003	5.394229e-004	5.000000e+000	5.000000e+000
1.000001132570999e-003	5.394211e-004	5.000000e+000	5.000000e+000
1.000001618607756e-003	5.394193e-004	5.000000e+000	5.000000e+000
1.000001921151652e-003	5.394181e-004	5.000000e+000	5.000000e+000
1.000002188028970e-003	5.394167e-004	5.000000e+000	5.000000e+000
1.000002548199780e-003	5.394141e-004	5.000000e+000	5.000000e+000
1.000002750626451e-003	5.394121e-004	5.000000e+000	5.000000e+000
1.000002965265137e-003	5.394093e-004	5.000000e+000	5.000000e+000
1.000003218665464e-003	5.394056e-004	5.000000e+000	5.000000e+000
1.000003316544382e-003	5.394039e-004	5.000000e+000	5.000000e+000
1.000003356381861e-003	5.394032e-004	5.000000e+000	5.000000e+000
1.000003385081404e-003	5.394027e-004	5.000000e+000	5.000000e+000
1.000003412630455e-003	5.394022e-004	5.000000e+000	5.000000e+000
1.000003438514084e-003	5.394017e-004	5.000000e+000	5.000000e+000
1.000003490281342e-003	5.394007e-004	5.000000e+000	5.000000e+000
1.000003553928591e-003	5.393996e-004	5.000000e+000	5.000000e+000
1.000003665488793e-003	5.393974e-004	5.000000e+000	5.000000e+000
1.000003782720398e-003	5.393951e-004	5.000000e+000	5.000000e+000
1.000003859636006e-003	5.393936e-004	5.000000e+000	5.000000e+000
1.000003911644461e-003	5.393926e-004	5.000000e+000	5.000000e+000
1.000003949759862e-003	5.393918e-004	5.000000e+000	5.000000e+000
1.000003977950972e-003	5.393912e-004	5.000000e+000	5.000000e+000
1.000004013780286e-003	5.393905e-004	5.000000e+000	5.000000e+000
1.000004046645773e-003	5.393899e-004	5.000000e+000	5.000000e+000
1.000004083807764e-003	5.393891e-004	5.000000e+000	5.000000e+000
1.000004125564257e-003	5.393883e-004	5.000000e+000	5.000000e+000
1.000004170211204e-003	5.393874e-004	5.000000e+000	5.000000e+000
1.000004227757311e-003	5.393863e-004	5.000000e+000	5.000000e+000
1.000004289775160e-003	5.393851e-004	5.000000e+000	5.000000e+000
1.000004384705231e-003	5.393832e-004	5.000000e+000	5.000000e+000
1.000004486947750e-003	5.393811e-004	5.000000e+000	5.000000e+000
1.000004666023656e-003	5.393776e-004	5.000000e+000	5.000000e+000
1.000004851550600e-003	5.393739e-004	5.000000e+000	5.000000e+000
1.000005022755917e-003	5.393705e-004	5.000000e+000	5.000000e+000
1.000005146879743e-003	5.393680e-004	5.000000e+000	5.000000e+000
1.000005234554438e-003	5.393663e-004	5.000000e+000	5.000000e+000
1.000005534099531e-003	5.393603e-004	5.000000e+000	5.000000e+000
1.000005741435102e-003	5.393561e-004	5.000000e+000	5.000000e+000
1.000006156106245e-003	5.393479e-004	5.000000e+000	5.000000e+000
1.000006820384711e-003	5.393347e-004	5.000000e+000	5.000000e+000
1.000007534932813e-003	5.393205e-004	5.000000e+000	5.000000e+000
1.000008633361202e-003	5.392986e-004	5.000000e+000	5.000000e+000
1.000009662160475e-003	5.392781e-004	5.000000e+000	5.000000e+000
1.000011303189644e-003	5.392455e-004	5.000000e+000	5.000000e+000
1.000012854512597e-003	5.392146e-004	5.000000e+000	5.000000e+000
1.000015424011045e-003	5.391635e-004	5.000000e+000	5.000000e+000
1.000018145881444e-003	5.391094e-004	5.000000e+000	5.000000e+000
1.000022850289412e-003	5.390158e-004	5.000000e+000	5.000000e+000
1.000028982164904e-003	5.388939e-004	5.000000e+000	5.000000e+000
1.000039318009320e-003	5.386884e-004	5.000000e+000	5.000000e+000
1.000052236968500e-003	5.384316e-004	5.000000e+000	5.000000e+000
1.000067560843541e-003	5.381273e-004	5.000000e+000	5.000000e+000
1.000085400888406e-003	5.377731e-004	5.000000e+000	5.000000e+000
1.000107880835923e-003	5.373273e-004	5.000000e+000	5.000000e+000
1.000136704743433e-003	5.367561e-004	5.000000e+000	5.000000e+000
1.000176703919450e-003	5.359647e-004	5.000000e+000	5.000000e+000
1.000235687702346e-003	5.348001e-004	5.000000e+000	5.000000e+000
1.000335687702346e-003	5.328314e-004	5.000000e+000	5.000000e+000
1.000435687702346e-003	5.308692e-004	5.000000e+000	5.000000e+000
1.000535687702346e-003	5.289146e-004	5.000000e+000	5.000000e+000
1.000635687702346e-003	5.269674e-004	5.000000e+000	5.000000e+000
1.000735687702346e-003	5.250277e-004	5.000000e+000	5.000000e+000
1.000835687702346e-003	5.230957e-004	5.000000e+000	5.000000e+000
1.000935687702346e-003	5.211714e-004	5.000000e+000	5.000000e+000
1.001035687702346e-003	5.192552e-004	5.000000e+000	5.000000e+000
1.001135687702347e-003	5.173422e-004	5.000000e+000	5.000000e+000
1.001235687702347e-003	5.154424e-004	5.000000e+000	5.000000e+000
1.001335687702347e-003	5.135558e-004	5.000000e+000	5.000000e+000
1.001435687702347e-003	5.116824e-004	5.000000e+000	5.000000e+000
1.001535687702347e-003	5.098221e-004	5.000000e+000	5.000000e+000
1.001635687702347e-003	5.079750e-004	5.000000e+000	5.000000e+000
1.001735687702347e-003	5.061411e-004	5.000000e+000	5.000000e+000
1.001835687702347e-003	5.043433e-004	5.000000e+000	5.000000e+000
1.001935687702347e-003	5.025857e-004	5.000000e+000	5.000000e+000
1.002035687702347e-003	5.008854e-004	5.000000e+000	5.000000e+000
1.002135687702347e-003	4.992679e-004	5.000000e+000	5.000000e+000
1.002235687702347e-003	4.977721e-004	5.000000e+000	5.000000e+000
1.002335687702347e-003	4.964556e-004	5.000000e+000	5.000000e+000
1.002435687702347e-003	4.954051e-004	5.000000e+000	5.000000e+000
1.002535687702347e-003	4.947499e-004	5.000000e+000	5.000000e+000
1.002635687702347e-003	4.946825e-004	5.000000e+000	5.000000e+000
1.002735687702347e-003	4.954893e-004	5.000000e+000	5.000000e+000
1.002835687702347e-003	4.975956e-004	5.000000e+000	5.000000e+000
1.002935687702348e-003	5.016311e-004	5.000000e+000	5.000000e+000
1.003035687702348e-003	5.085264e-004	5.000000e+000	5.000000e+000
1.003135687702348e-003	5.196548e-004	5.000000e+000	5.000000e+000
1.003235687702348e-003	5.370380e-004	5.000000e+000	5.000000e+000
1.003335687702348e-003	5.636468e-004	5.000000e+000	5.000000e+000
1.003435687702348e-003	6.038380e-004	5.000000e+000	5.000000e+000
1.003535687702348e-003	6.639879e-004	5.000000e+000	5.000000e+000
1.003635687702348e-003	7.534102e-004	5.000000e+000	5.000000e+000
1.003735687702348e-003	8.856796e-004	5.000000e+000	5.000000e+000
1.003835687702348e-003	1.080541e-003	5.000000e+000	5.000000e+000
1.003935687702348e-003	1.366647e-003	5.000000e+000	5.000000e+000
1.004035687702348e-003	1.785482e-003	5.000000e+000	5.000000e+000
1.004135687702348e-003	2.396945e-003	5.000000e+000	5.000000e+000
1.004235687702348e-003	3.287273e-003	5.000000e+000	5.000000e+000
1.004335687702348e-003	4.580201e-003	5.000000e+000	5.000000e+000
1.004435687702348e-003	6.452531e-003	5.000000e+000	5.000000e+000
1.004535687702348e-003	9.223996e-003	5.000000e+000	5.000000e+000
1.004635687702348e-003	1.360180e-002	5.000000e+000	5.000000e+000
1.004735687702349e-003	2.074130e-002	5.000000e+000	5.000000e+000
1.004835687702349e-003	3.184221e-002	5.000000e+000	5.000000e+000
1.004935687702349e-003	4.783485e-002	5.000000e+000	5.000000e+000
1.005035687702349e-003	6.946138e-002	5.000000e+000	5.000000e+000
1.005135687702349e-003	9.736697e-002	5.000000e+000	5.000000e+000
1.005235687702349e-003	1.320947e-001	5.000000e+000	5.000000e+000
1.005335687702349e-003	1.740828e-001	5.000000e+000	5.000000e+000
1.005435687702349e-003	2.236642e-001	5.000000e+000	5.000000e+000
1.005535687702349e-003	2.810687e-001	5.000000e+000	5.000000e+000
1.005635687702349e-003	3.464260e-001	5.000000e+000	5.000000e+000
1.005735687702349e-003	4.197711e-001	5.000000e+000	5.000000e+000
1.005835687702349e-003	5.010509e-001	5.000000e+000	5.000000e+000
1.005935687702349e-003	5.901308e-001	5.000000e+000	5.000000e+000
1.006035687702349e-003	6.868032e-001	5.000000e+000	5.000000e+000
1.006135687702349e-003	7.907950e-001	5.000000e+000	5.000000e+000
1.006235687702349e-003	9.017763e-001	5.000000e+000	5.000000e+000
1.006335687702349e-003	1.019368e+000	5.000000e+000	5.000000e+000
1.006435687702350e-003	1.143150e+000	5.000000e+000	5.000000e+000
1.006635687702350e-003	1.407439e+000	5.000000e+000	5.000000e+000
1.006835687702350e-003	1.690717e+000	5.000000e+000	5.000000e+000
1.007035687702350e-003	1.988789e+000	5.000000e+000	5.000000e+000
1.007235687702350e-003	2.297337e+000	5.000000e+000	5.000000e+000
1.007435687702350e-003	2.611999e+000	5.000000e+000	5.000000e+000
1.007635687702350e-003	2.928419e+000	5.000000e+000	5.000000e+000
1.007835687702350e-003	3.242238e+000	5.000000e+000	5.000000e+000
1.007872875505277e-003	3.300080e+000	5.000000e+000	5.000000e+000
1.007910063308203e-003	3.357596e+000	5.000000e+000	5.000000e+000
1.007947251111130e-003	3.414786e+000	5.000000e+000	5.000000e+000
1.007984438914057e-003	3.471649e+000	5.000000e+000	5.000000e+000
1.008021626716983e-003	3.528185e+000	5.000000e+000	5.000000e+000
1.008058814519910e-003	3.584395e+000	5.000000e+000	5.000000e+000
1.008096002322836e-003	3.640278e+000	5.000000e+000	5.000000e+000
1.008141032802870e-003	3.706448e+000	5.000000e+000	5.000000e+000
1.008222877215716e-003	3.821570e+000	5.000000e+000	5.000000e+000
1.008462653824448e-003	4.111882e+000	5.000000e+000	5.000000e+000
1.008562653824448e-003	4.213717e+000	5.000000e+000	5.000000e+000
1.008662653824448e-003	4.305170e+000	5.000000e+000	5.000000e+000
1.008762653824448e-003	4.387535e+000	5.000000e+000	5.000000e+000
1.008862653824448e-003	4.462031e+000	5.000000e+000	5.000000e+000
1.008962653824448e-003	4.529718e+000	5.000000e+000	5.000000e+000
1.009062653824448e-003	4.591481e+000	5.000000e+000	5.000000e+000
1.009162653824448e-003	4.648028e+000	5.000000e+000	5.000000e+000
1.009262653824449e-003	4.699904e+000	5.000000e+000	5.000000e+000
1.009462653824449e-003	4.790978e+000	5.000000e+000	5.000000e+000
1.009562653824449e-003	4.830166e+000	5.000000e+000	5.000000e+000
1.009662653824449e-003	4.864325e+000	5.000000e+000	5.000000e+000
1.009762653824449e-003	4.892817e+000	5.000000e+000	5.000000e+000
1.009862095467851e-003	4.915764e+000	5.000000e+000	5.000000e+000
1.009952681499019e-003	4.932420e+000	5.000000e+000	5.000000e+000
1.010052681499019e-003	4.946898e+000	5.000000e+000	5.000000e+000
1.010152681499019e-003	4.958160e+000	5.000000e+000	5.000000e+000
1.010252681499019e-003	4.966741e+000	5.000000e+000	5.000000e+000
1.010352681499020e-003	4.973194e+000	5.000000e+000	5.000000e+000
1.010452681499020e-003	4.977993e+000	5.000000e+000	5.000000e+000
1.010552681499020e-003	4.981531e+000	5.000000e+000	5.000000e+000
1.010652681499020e-003	4.984128e+000	5.000000e+000	5.000000e+000
1.010752681499020e-003	4.986036e+000	5.000000e+000	5.000000e+000
1.010852681499020e-003	4.987449e+000	5.000000e+000	5.000000e+000
1.010952681499020e-003	4.988510e+000	5.000000e+000	5.000000e+000
1.011052681499020e-003	4.989325e+000	5.000000e+000	5.000000e+000
1.011152681499020e-003	4.989966e+000	5.000000e+000	5.000000e+000
1.011252681499020e-003	4.990488e+000	5.000000e+000	5.000000e+000
1.011352681499020e-003	4.990924e+000	5.000000e+000	5.000000e+000
1.011452681499020e-003	4.991299e+000	5.000000e+000	5.000000e+000
1.011552681499020e-003	4.991628e+000	5.000000e+000	5.000000e+000
1.011652681499020e-003	4.991923e+000	5.000000e+000	5.000000e+000
1.011752681499020e-003	4.992190e+000	5.000000e+000	5.000000e+000
1.011852681499020e-003	4.992435e+000	5.000000e+000	5.000000e+000
1.011952681499020e-003	4.992661e+000	5.000000e+000	5.000000e+000
1.012052681499021e-003	4.992871e+000	5.000000e+000	5.000000e+000
1.012152681499021e-003	4.993067e+000	5.000000e+000	5.000000e+000
1.012252681499021e-003	4.993249e+000	5.000000e+000	5.000000e+000
1.012352681499021e-003	4.993422e+000	5.000000e+000	5.000000e+000
1.012452681499021e-003	4.993583e+000	5.000000e+000	5.000000e+000
1.012552681499021e-003	4.993735e+000	5.000000e+000	5.000000e+000
1.012752681499021e-003	4.994015e+000	5.000000e+000	5.000000e+000
1.012952681499021e-003	4.994267e+000	5.000000e+000	5.000000e+000
1.013152681499021e-003	4.994493e+000	5.000000e+000	5.000000e+000
1.013352681499021e-003	4.994700e+000	5.000000e+000	5.000000e+000
1.013552681499021e-003	4.994889e+000	5.000000e+000	5.000000e+000
1.013752681499021e-003	4.995061e+000	5.000000e+000	5.000000e+000
1.014052681499022e-003	4.995296e+000	5.000000e+000	5.000000e+000
1.014352681499022e-003	4.995503e+000	5.000000e+000	5.000000e+000
1.014652681499022e-003	4.995689e+000	5.000000e+000	5.000000e+000
1.014952681499022e-003	4.995857e+000	5.000000e+000	5.000000e+000
1.015252681499022e-003	4.996009e+000	5.000000e+000	5.000000e+000
1.015552681499022e-003	4.996147e+000	5.000000e+000	5.000000e+000
1.015852681499023e-003	4.996274e+000	5.000000e+000	5.000000e+000
1.016095538641880e-003	4.996367e+000	5.000000e+000	5.000000e+000
1.016338395784737e-003	4.996455e+000	5.000000e+000	5.000000e+000
1.016581252927594e-003	4.996539e+000	5.000000e+000	5.000000e+000
1.016824110070452e-003	4.996617e+000	5.000000e+000	5.000000e+000
1.017066967213309e-003	4.996691e+000	5.000000e+000	5.000000e+000
1.017309824356166e-003	4.996760e+000	5.000000e+000	5.000000e+000
1.017552681499024e-003	4.996824e+000	5.000000e+000	5.000000e+000
1.017866967213310e-003	4.996902e+000	5.000000e+000	5.000000e+000
1.018181252927595e-003	4.996976e+000	5.000000e+000	5.000000e+000
1.018495538641881e-003	4.997046e+000	5.000000e+000	5.000000e+000
1.018809824356167e-003	4.997112e+000	5.000000e+000	5.000000e+000
1.019124110070453e-003	4.997173e+000	5.000000e+000	5.000000e+000
1.019438395784739e-003	4.997230e+000	5.000000e+000	5.000000e+000
1.019752681499025e-003	4.997283e+000	5.000000e+000	5.000000e+000
1.020138395784739e-003	4.997344e+000	5.000000e+000	5.000000e+000
1.020524110070454e-003	4.997402e+000	5.000000e+000	5.000000e+000
1.020909824356168e-003	4.997456e+000	5.000000e+000	5.000000e+000
1.021295538641883e-003	4.997508e+000	5.000000e+000	5.000000e+000
1.021681252927597e-003	4.997556e+000	5.000000e+000	5.000000e+000
1.022066967213312e-003	4.997600e+000	5.000000e+000	5.000000e+000
1.022452681499026e-003	4.997642e+000	5.000000e+000	5.000000e+000
1.022938395784741e-003	4.997691e+000	5.000000e+000	5.000000e+000
1.023424110070456e-003	4.997738e+000	5.000000e+000	5.000000e+000
1.023909824356170e-003	4.997782e+000	5.000000e+000	5.000000e+000
1.024395538641885e-003	4.997824e+000	5.000000e+000	5.000000e+000
1.024881252927599e-003	4.997862e+000	5.000000e+000	5.000000e+000
1.025366967213314e-003	4.997898e+000	5.000000e+000	5.000000e+000
1.025852681499028e-003	4.997932e+000	5.000000e+000	5.000000e+000
1.026466967213314e-003	4.997972e+000	5.000000e+000	5.000000e+000
1.027081252927600e-003	4.998010e+000	5.000000e+000	5.000000e+000
1.027695538641886e-003	4.998045e+000	5.000000e+000	5.000000e+000
1.028309824356173e-003	4.998079e+000	5.000000e+000	5.000000e+000
1.028924110070459e-003	4.998110e+000	5.000000e+000	5.000000e+000
1.029538395784745e-003	4.998139e+000	5.000000e+000	5.000000e+000
1.030152681499031e-003	4.998166e+000	5.000000e+000	5.000000e+000
1.030595538641888e-003	4.998184e+000	5.000000e+000	5.000000e+000
1.031038395784745e-003	4.998202e+000	5.000000e+000	5.000000e+000
1.031481252927603e-003	4.998219e+000	5.000000e+000	5.000000e+000
1.031924110070460e-003	4.998236e+000	5.000000e+000	5.000000e+000
1.032366967213318e-003	4.998252e+000	5.000000e+000	5.000000e+000
1.032809824356175e-003	4.998267e+000	5.000000e+000	5.000000e+000
1.033252681499033e-003	4.998282e+000	5.000000e+000	5.000000e+000
1.033352681499033e-003	4.998285e+000	5.000000e+000	5.000000e+000
1.034238395784747e-003	4.998313e+000	5.000000e+000	5.000000e+000
1.035124110070462e-003	4.998338e+000	5.000000e+000	5.000000e+000
1.036009824356177e-003	4.998363e+000	5.000000e+000	5.000000e+000
1.036895538641892e-003	4.998386e+000	5.000000e+000	5.000000e+000
1.037781252927606e-003	4.998407e+000	5.000000e+000	5.000000e+000
1.038666967213321e-003	4.998427e+000	5.000000e+000	5.000000e+000
1.039552681499036e-003	4.998446e+000	5.000000e+000	5.000000e+000
1.040666967213322e-003	4.998467e+000	5.000000e+000	5.000000e+000
1.041781252927609e-003	4.998487e+000	5.000000e+000	5.000000e+000
1.042895538641895e-003	4.998506e+000	5.000000e+000	5.000000e+000
1.044009824356181e-003	4.998524e+000	5.000000e+000	5.000000e+000
1.045124110070468e-003	4.998541e+000	5.000000e+000	5.000000e+000
1.046238395784754e-003	4.998557e+000	5.000000e+000	5.000000e+000
1.047352681499041e-003	4.998571e+000	5.000000e+000	5.000000e+000
1.048738395784756e-003	4.998588e+000	5.000000e+000	5.000000e+000
1.050124110070471e-003	4.998604e+000	5.000000e+000	5.000000e+000
1.051509824356186e-003	4.998619e+000	5.000000e+000	5.000000e+000
1.052895538641901e-003	4.998633e+000	5.000000e+000	5.000000e+000
1.054281252927616e-003	4.998645e+000	5.000000e+000	5.000000e+000
1.055666967213331e-003	4.998657e+000	5.000000e+000	5.000000e+000
1.057052681499046e-003	4.998668e+000	5.000000e+000	5.000000e+000
1.057938395784761e-003	4.998675e+000	5.000000e+000	5.000000e+000
1.058824110070476e-003	4.998682e+000	5.000000e+000	5.000000e+000
1.059709824356190e-003	4.998688e+000	5.000000e+000	5.000000e+000
1.060595538641905e-003	4.998694e+000	5.000000e+000	5.000000e+000
1.061481252927620e-003	4.998700e+000	5.000000e+000	5.000000e+000
1.062366967213335e-003	4.998706e+000	5.000000e+000	5.000000e+000
1.063252681499050e-003	4.998711e+000	5.000000e+000	5.000000e+000
1.063352681499050e-003	4.998712e+000	5.000000e+000	5.000000e+000
1.065281252927622e-003	4.998722e+000	5.000000e+000	5.000000e+000
1.067209824356195e-003	4.998733e+000	5.000000e+000	5.000000e+000
1.069138395784767e-003	4.998742e+000	5.000000e+000	5.000000e+000
1.071066967213340e-003	4.998751e+000	5.000000e+000	5.000000e+000
1.072995538641912e-003	4.998760e+000	5.000000e+000	5.000000e+000
1.074924110070485e-003	4.998767e+000	5.000000e+000	5.000000e+000
1.076852681499057e-003	4.998775e+000	5.000000e+000	5.000000e+000
1.079195538641916e-003	4.998782e+000	5.000000e+000	5.000000e+000
1.081538395784774e-003	4.998790e+000	5.000000e+000	5.000000e+000
1.083881252927633e-003	4.998797e+000	5.000000e+000	5.000000e+000
1.086224110070491e-003	4.998803e+000	5.000000e+000	5.000000e+000
1.088566967213350e-003	4.998809e+000	5.000000e+000	5.000000e+000
1.090909824356208e-003	4.998815e+000	5.000000e+000	5.000000e+000
1.093252681499067e-003	4.998820e+000	5.000000e+000	5.000000e+000
1.093352681499067e-003	4.998820e+000	5.000000e+000	5.000000e+000
1.096266967213354e-003	4.998826e+000	5.000000e+000	5.000000e+000
1.099181252927641e-003	4.998831e+000	5.000000e+000	5.000000e+000
1.102095538641929e-003	4.998836e+000	5.000000e+000	5.000000e+000
1.105009824356216e-003	4.998841e+000	5.000000e+000	5.000000e+000
1.107924110070503e-003	4.998845e+000	5.000000e+000	5.000000e+000
1.110838395784791e-003	4.998849e+000	5.000000e+000	5.000000e+000
1.113752681499078e-003	4.998852e+000	5.000000e+000	5.000000e+000
1.115109824356222e-003	4.998854e+000	5.000000e+000	5.000000e+000
1.116466967213365e-003	4.998855e+000	5.000000e+000	5.000000e+000
1.117824110070509e-003	4.998856e+000	5.000000e+000	5.000000e+000
1.119181252927653e-003	4.998858e+000	5.000000e+000	5.000000e+000
1.120538395784796e-003	4.998859e+000	5.000000e+000	5.000000e+000
1.121895538641940e-003	4.998860e+000	5.000000e+000	5.000000e+000
1.123252681499083e-003	4.998862e+000	5.000000e+000	5.000000e+000
1.123352681499084e-003	4.998862e+000	5.000000e+000	5.000000e+000
1.127252681499086e-003	4.998865e+000	5.000000e+000	5.000000e+000
1.131152681499088e-003	4.998868e+000	5.000000e+000	5.000000e+000
1.135052681499090e-003	4.998871e+000	5.000000e+000	5.000000e+000
1.138952681499092e-003	4.998874e+000	5.000000e+000	5.000000e+000
1.142852681499095e-003	4.998876e+000	5.000000e+000	5.000000e+000
1.146752681499097e-003	4.998878e+000	5.000000e+000	5.000000e+000
1.150652681499099e-003	4.998879e+000	5.000000e+000	5.000000e+000
1.153352681499101e-003	4.998881e+000	5.000000e+000	5.000000e+000
1.157438395784817e-003	4.998883e+000	5.000000e+000	5.000000e+000
1.161524110070534e-003	4.998884e+000	5.000000e+000	5.000000e+000
1.165609824356250e-003	4.998885e+000	5.000000e+000	5.000000e+000
1.169695538641967e-003	4.998887e+000	5.000000e+000	5.000000e+000
1.173781252927683e-003	4.998888e+000	5.000000e+000	5.000000e+000
1.177866967213400e-003	4.998889e+000	5.000000e+000	5.000000e+000
1.181952681499117e-003	4.998889e+000	5.000000e+000	5.000000e+000
1.183352681499118e-003	4.998890e+000	5.000000e+000	5.000000e+000
1.185709824356262e-003	4.998890e+000	5.000000e+000	5.000000e+000
1.188066967213406e-003	4.998891e+000	5.000000e+000	5.000000e+000
1.190424110070550e-003	4.998891e+000	5.000000e+000	5.000000e+000
1.192781252927694e-003	4.998892e+000	5.000000e+000	5.000000e+000
1.195138395784838e-003	4.998892e+000	5.000000e+000	5.000000e+000
1.197495538641983e-003	4.998892e+000	5.000000e+000	5.000000e+000
1.199852681499127e-003	4.998893e+000	5.000000e+000	5.000000e+000
1.199952681499127e-003	4.998893e+000	5.000000e+000	5.000000e+000
1.200000000000000e-003	4.998893e+000	5.000000e+000	5.000000e+000
