time	V(vout)	I(I1)
0.000000000000000e+000	1.015065e-001	5.000000e-004
3.214285714285704e-009	1.018840e-001	5.000000e-004
6.428571428571407e-009	1.022347e-001	5.000000e-004
9.642857142857111e-009	1.025586e-001	5.000000e-004
1.285714285714281e-008	1.028557e-001	5.000000e-004
1.607142857142852e-008	1.031259e-001	5.000000e-004
1.928571428571422e-008	1.033693e-001	5.000000e-004
2.249999999999992e-008	1.035860e-001	5.000000e-004
2.578571428571419e-008	1.037896e-001	5.000000e-004
2.907142857142846e-008	1.039786e-001	5.000000e-004
3.235714285714274e-008	1.041527e-001	5.000000e-004
3.564285714285701e-008	1.043121e-001	5.000000e-004
3.892857142857129e-008	1.044568e-001	5.000000e-004
4.221428571428555e-008	1.045867e-001	5.000000e-004
4.549999999999982e-008	1.047018e-001	5.000000e-004
4.878571428571409e-008	1.048078e-001	5.000000e-004
5.207142857142837e-008	1.049062e-001	5.000000e-004
5.535714285714264e-008	1.049968e-001	5.000000e-004
5.864285714285691e-008	1.050798e-001	5.000000e-004
6.192857142857119e-008	1.051551e-001	5.000000e-004
6.521428571428546e-008	1.052227e-001	5.000000e-004
6.849999999999972e-008	1.052826e-001	5.000000e-004
7.192857142857113e-008	1.053400e-001	5.000000e-004
7.535714285714255e-008	1.053931e-001	5.000000e-004
7.878571428571396e-008	1.054419e-001	5.000000e-004
8.221428571428539e-008	1.054864e-001	5.000000e-004
8.564285714285680e-008	1.055266e-001	5.000000e-004
8.907142857142821e-008	1.055625e-001	5.000000e-004
9.249999999999962e-008	1.055941e-001	5.000000e-004
9.621428571428531e-008	1.056253e-001	5.000000e-004
9.992857142857101e-008	1.056541e-001	5.000000e-004
1.036428571428567e-007	1.056803e-001	5.000000e-004
1.073571428571424e-007	1.057041e-001	5.000000e-004
1.110714285714281e-007	1.057254e-001	5.000000e-004
1.147857142857138e-007	1.057442e-001	5.000000e-004
1.184999999999995e-007	1.057606e-001	5.000000e-004
1.226428571428567e-007	1.057770e-001	5.000000e-004
1.267857142857138e-007	1.057921e-001	5.000000e-004
1.309285714285710e-007	1.058057e-001	5.000000e-004
1.350714285714282e-007	1.058180e-001	5.000000e-004
1.392142857142853e-007	1.058288e-001	5.000000e-004
1.433571428571425e-007	1.058381e-001	5.000000e-004
1.474999999999997e-007	1.058461e-001	5.000000e-004
1.524999999999998e-007	1.058546e-001	5.000000e-004
1.574999999999999e-007	1.058624e-001	5.000000e-004
1.625000000000000e-007	1.058692e-001	5.000000e-004
1.675000000000001e-007	1.058752e-001	5.000000e-004
1.725000000000002e-007	1.058804e-001	5.000000e-004
1.775000000000003e-007	1.058848e-001	5.000000e-004
1.825000000000004e-007	1.058883e-001	5.000000e-004
1.895000000000006e-007	1.058925e-001	5.000000e-004
1.965000000000007e-007	1.058962e-001	5.000000e-004
2.035000000000009e-007	1.058994e-001	5.000000e-004
2.105000000000010e-007	1.059020e-001	5.000000e-004
2.175000000000012e-007	1.059042e-001	5.000000e-004
2.245000000000014e-007	1.059058e-001	5.000000e-004
2.315000000000015e-007	1.059070e-001	5.000000e-004
2.406428571428589e-007	1.059083e-001	5.000000e-004
2.497857142857162e-007	1.059094e-001	5.000000e-004
2.589285714285735e-007	1.059103e-001	5.000000e-004
2.680714285714309e-007	1.059111e-001	5.000000e-004
2.772142857142883e-007	1.059116e-001	5.000000e-004
2.863571428571456e-007	1.059120e-001	5.000000e-004
2.955000000000029e-007	1.059122e-001	5.000000e-004
2.965000000000030e-007	1.059123e-001	5.000000e-004
3.346428571428595e-007	1.059127e-001	5.000000e-004
3.727857142857161e-007	1.059131e-001	5.000000e-004
4.109285714285728e-007	1.059134e-001	5.000000e-004
4.490714285714294e-007	1.059136e-001	5.000000e-004
4.872142857142860e-007	1.059137e-001	5.000000e-004
5.253571428571426e-007	1.059137e-001	5.000000e-004
5.634999999999990e-007	1.059137e-001	5.000000e-004
5.964999999999980e-007	1.059137e-001	5.000000e-004
8.964999999999933e-007	1.059142e-001	5.000000e-004
1.196500000000016e-006	1.059147e-001	5.000000e-004
1.496500000000039e-006	1.059152e-001	5.000000e-004
1.796500000000061e-006	1.059157e-001	5.000000e-004
1.901000000000000e-006	1.059159e-001	5.000000e-004
1.901099999999986e-006	1.059130e-001	4.500000e-004
1.901299999999959e-006	1.059014e-001	3.500000e-004
1.901600000000055e-006	1.058682e-001	2.000000e-004
1.902000000000000e-006	1.058042e-001	0.000000e+000
1.902039999999995e-006	1.057951e-001	0.000000e+000
1.902119999999984e-006	1.057765e-001	0.000000e+000
1.902279999999962e-006	1.057376e-001	0.000000e+000
1.902599999999918e-006	1.056515e-001	0.000000e+000
1.902999275420823e-006	1.055261e-001	0.000000e+000
1.903674385243952e-006	1.052713e-001	0.000000e+000
1.904659641275296e-006	1.048264e-001	0.000000e+000
1.905659641275296e-006	1.042950e-001	0.000000e+000
1.906659641275296e-006	1.036873e-001	0.000000e+000
1.907659641275296e-006	1.030138e-001	0.000000e+000
1.908659641275296e-006	1.022842e-001	0.000000e+000
1.909659641275296e-006	1.015072e-001	0.000000e+000
1.910659641275297e-006	1.006904e-001	0.000000e+000
1.911659641275297e-006	9.984092e-002	0.000000e+000
1.912659641275297e-006	9.896486e-002	0.000000e+000
1.913659641275297e-006	9.806775e-002	0.000000e+000
1.915659641275297e-006	9.622941e-002	0.000000e+000
1.917659641275297e-006	9.435894e-002	0.000000e+000
1.919659641275297e-006	9.248220e-002	0.000000e+000
1.922659641275297e-006	8.969803e-002	0.000000e+000
1.924516784132440e-006	8.800228e-002	0.000000e+000
1.926373926989584e-006	8.635613e-002	0.000000e+000
1.928231069846726e-006	8.475959e-002	0.000000e+000
1.930088212703870e-006	8.321265e-002	0.000000e+000
1.931945355561012e-006	8.171532e-002	0.000000e+000
1.933802498418156e-006	8.026760e-002	0.000000e+000
1.935659641275298e-006	7.886948e-002	0.000000e+000
1.938802498418156e-006	7.665890e-002	0.000000e+000
1.941945355561013e-006	7.458979e-002	0.000000e+000
1.945088212703871e-006	7.266217e-002	0.000000e+000
1.948231069846728e-006	7.087603e-002	0.000000e+000
1.951373926989585e-006	6.923136e-002	0.000000e+000
1.954516784132443e-006	6.772818e-002	0.000000e+000
1.957659641275300e-006	6.636647e-002	0.000000e+000
1.960802498418158e-006	6.511646e-002	0.000000e+000
1.963945355561015e-006	6.395247e-002	0.000000e+000
1.967088212703872e-006	6.287451e-002	0.000000e+000
1.970231069846729e-006	6.188259e-002	0.000000e+000
1.973373926989587e-006	6.097669e-002	0.000000e+000
1.976516784132444e-006	6.015682e-002	0.000000e+000
1.979659641275302e-006	5.942298e-002	0.000000e+000
1.982802498418159e-006	5.874627e-002	0.000000e+000
1.985945355561016e-006	5.811677e-002	0.000000e+000
1.989088212703874e-006	5.753448e-002	0.000000e+000
1.992231069846731e-006	5.699941e-002	0.000000e+000
1.995373926989589e-006	5.651155e-002	0.000000e+000
1.998516784132446e-006	5.607090e-002	0.000000e+000
2.001659641275303e-006	5.567746e-002	0.000000e+000
2.004802498418161e-006	5.531431e-002	0.000000e+000
2.007945355561018e-006	5.497657e-002	0.000000e+000
2.011088212703876e-006	5.466423e-002	0.000000e+000
2.014231069846733e-006	5.437730e-002	0.000000e+000
2.017373926989590e-006	5.411578e-002	0.000000e+000
2.020516784132447e-006	5.387966e-002	0.000000e+000
2.023659641275305e-006	5.366896e-002	0.000000e+000
2.026945355561020e-006	5.346627e-002	0.000000e+000
2.030231069846734e-006	5.327826e-002	0.000000e+000
2.033516784132448e-006	5.310494e-002	0.000000e+000
2.036802498418163e-006	5.294631e-002	0.000000e+000
2.040088212703878e-006	5.280236e-002	0.000000e+000
2.043373926989592e-006	5.267310e-002	0.000000e+000
2.046659641275307e-006	5.255853e-002	0.000000e+000
2.049945355561021e-006	5.245303e-002	0.000000e+000
2.053231069846736e-006	5.235518e-002	0.000000e+000
2.056516784132450e-006	5.226498e-002	0.000000e+000
2.059802498418165e-006	5.218242e-002	0.000000e+000
2.063088212703880e-006	5.210750e-002	0.000000e+000
2.066373926989594e-006	5.204023e-002	0.000000e+000
2.069659641275309e-006	5.198060e-002	0.000000e+000
2.072231069846737e-006	5.193693e-002	0.000000e+000
2.074802498418166e-006	5.189586e-002	0.000000e+000
2.077373926989595e-006	5.185740e-002	0.000000e+000
2.079945355561024e-006	5.182155e-002	0.000000e+000
2.082516784132452e-006	5.178830e-002	0.000000e+000
2.085088212703881e-006	5.175766e-002	0.000000e+000
2.087659641275310e-006	5.172962e-002	0.000000e+000
2.088659641275310e-006	5.171909e-002	0.000000e+000
2.092231069846739e-006	5.168453e-002	0.000000e+000
2.095802498418168e-006	5.165264e-002	0.000000e+000
2.099373926989597e-006	5.162342e-002	0.000000e+000
2.102945355561025e-006	5.159687e-002	0.000000e+000
2.106516784132454e-006	5.157299e-002	0.000000e+000
2.110088212703883e-006	5.155177e-002	0.000000e+000
2.113659641275312e-006	5.153323e-002	0.000000e+000
2.117659641275312e-006	5.151440e-002	0.000000e+000
2.121659641275312e-006	5.149714e-002	0.000000e+000
2.125659641275313e-006	5.148147e-002	0.000000e+000
2.129659641275313e-006	5.146739e-002	0.000000e+000
2.133659641275313e-006	5.145488e-002	0.000000e+000
2.137659641275314e-006	5.144396e-002	0.000000e+000
2.141659641275314e-006	5.143462e-002	0.000000e+000
2.146373926989600e-006	5.142478e-002	0.000000e+000
2.151088212703886e-006	5.141587e-002	0.000000e+000
2.155802498418172e-006	5.140788e-002	0.000000e+000
2.160516784132458e-006	5.140083e-002	0.000000e+000
2.165231069846744e-006	5.139471e-002	0.000000e+000
2.169945355561030e-006	5.138951e-002	0.000000e+000
2.174659641275316e-006	5.138525e-002	0.000000e+000
2.181088212703888e-006	5.138023e-002	0.000000e+000
2.187516784132460e-006	5.137579e-002	0.000000e+000
2.193945355561032e-006	5.137193e-002	0.000000e+000
2.200373926989604e-006	5.136865e-002	0.000000e+000
2.206802498418176e-006	5.136595e-002	0.000000e+000
2.213231069846748e-006	5.136384e-002	0.000000e+000
2.219659641275320e-006	5.136230e-002	0.000000e+000
2.230088212703892e-006	5.136028e-002	0.000000e+000
2.240516784132464e-006	5.135856e-002	0.000000e+000
2.250945355561036e-006	5.135715e-002	0.000000e+000
2.261373926989609e-006	5.135604e-002	0.000000e+000
2.271802498418181e-006	5.135524e-002	0.000000e+000
2.282231069846753e-006	5.135474e-002	0.000000e+000
2.292659641275325e-006	5.135455e-002	0.000000e+000
2.306231069846755e-006	5.135425e-002	0.000000e+000
2.319802498418185e-006	5.135400e-002	0.000000e+000
2.333373926989614e-006	5.135380e-002	0.000000e+000
2.346945355561044e-006	5.135365e-002	0.000000e+000
2.360516784132473e-006	5.135355e-002	0.000000e+000
2.374088212703903e-006	5.135350e-002	0.000000e+000
2.387659641275332e-006	5.135351e-002	0.000000e+000
2.388659641275332e-006	5.135350e-002	0.000000e+000
2.688659641275355e-006	5.135342e-002	0.000000e+000
2.988659641275378e-006	5.135340e-002	0.000000e+000
3.288659641275400e-006	5.135338e-002	0.000000e+000
3.588659641275423e-006	5.135337e-002	0.000000e+000
3.888659641275371e-006	5.135335e-002	0.000000e+000
3.900000000000000e-006	5.135335e-002	0.000000e+000
3.900010047815279e-006	5.135337e-002	5.023908e-006
3.900030143445837e-006	5.135345e-002	1.507172e-005
3.900070334706953e-006	5.135396e-002	3.516736e-005
3.900150717229184e-006	5.135649e-002	7.535861e-005
3.900311482273646e-006	5.136630e-002	1.557411e-004
3.900536927760753e-006	5.138830e-002	2.684639e-004
3.900778221496268e-006	5.142260e-002	3.891108e-004
3.901000000000000e-006	5.146284e-002	5.000000e-004
3.901022177850373e-006	5.146794e-002	5.000000e-004
3.901066533551119e-006	5.147821e-002	5.000000e-004
3.901155244952611e-006	5.149901e-002	5.000000e-004
3.901332667755597e-006	5.154222e-002	5.000000e-004
3.901564644205132e-006	5.160350e-002	5.000000e-004
3.901819947808780e-006	5.167957e-002	5.000000e-004
3.902268965907763e-006	5.183105e-002	5.000000e-004
3.902729148380282e-006	5.201104e-002	5.000000e-004
3.903649513325321e-006	5.243349e-002	5.000000e-004
3.904649513325321e-006	5.296514e-002	5.000000e-004
3.905649513325321e-006	5.357174e-002	5.000000e-004
3.906649513325320e-006	5.424431e-002	5.000000e-004
3.907649513325320e-006	5.497313e-002	5.000000e-004
3.908649513325320e-006	5.574951e-002	5.000000e-004
3.909649513325319e-006	5.656568e-002	5.000000e-004
3.910649513325319e-006	5.741470e-002	5.000000e-004
3.911649513325319e-006	5.829037e-002	5.000000e-004
3.912649513325318e-006	5.918717e-002	5.000000e-004
3.914649513325318e-006	6.102507e-002	5.000000e-004
3.916649513325317e-006	6.289532e-002	5.000000e-004
3.918649513325316e-006	6.477200e-002	5.000000e-004
3.921649513325315e-006	6.755632e-002	5.000000e-004
3.923506656182457e-006	6.925230e-002	5.000000e-004
3.925363799039600e-006	7.089870e-002	5.000000e-004
3.927220941896742e-006	7.249554e-002	5.000000e-004
3.929078084753884e-006	7.404280e-002	5.000000e-004
3.930935227611026e-006	7.554049e-002	5.000000e-004
3.932792370468169e-006	7.698861e-002	5.000000e-004
3.934649513325311e-006	7.838716e-002	5.000000e-004
3.937792370468167e-006	8.059846e-002	5.000000e-004
3.940935227611022e-006	8.266827e-002	5.000000e-004
3.944078084753879e-006	8.459659e-002	5.000000e-004
3.947220941896735e-006	8.638341e-002	5.000000e-004
3.950363799039591e-006	8.802873e-002	5.000000e-004
3.953506656182447e-006	8.953256e-002	5.000000e-004
3.956649513325303e-006	9.089489e-002	5.000000e-004
3.959792370468159e-006	9.214549e-002	5.000000e-004
3.962935227611015e-006	9.331002e-002	5.000000e-004
3.966078084753871e-006	9.438849e-002	5.000000e-004
3.969220941896727e-006	9.538090e-002	5.000000e-004
3.972363799039584e-006	9.628725e-002	5.000000e-004
3.975506656182439e-006	9.710754e-002	5.000000e-004
3.978649513325295e-006	9.784177e-002	5.000000e-004
3.981792370468152e-006	9.851885e-002	5.000000e-004
3.984935227611007e-006	9.914869e-002	5.000000e-004
3.988078084753863e-006	9.973129e-002	5.000000e-004
3.991220941896720e-006	1.002667e-001	5.000000e-004
3.994363799039576e-006	1.007548e-001	5.000000e-004
3.997506656182431e-006	1.011957e-001	5.000000e-004
4.000649513325288e-006	1.015894e-001	5.000000e-004
4.003792370468144e-006	1.019527e-001	5.000000e-004
4.006935227610999e-006	1.022907e-001	5.000000e-004
4.010078084753856e-006	1.026032e-001	5.000000e-004
4.013220941896712e-006	1.028903e-001	5.000000e-004
4.016363799039568e-006	1.031520e-001	5.000000e-004
4.019506656182424e-006	1.033882e-001	5.000000e-004
4.022649513325280e-006	1.035991e-001	5.000000e-004
4.025935227610993e-006	1.038019e-001	5.000000e-004
4.029220941896706e-006	1.039900e-001	5.000000e-004
4.032506656182419e-006	1.041634e-001	5.000000e-004
4.035792370468133e-006	1.043222e-001	5.000000e-004
4.039078084753846e-006	1.044662e-001	5.000000e-004
4.042363799039559e-006	1.045955e-001	5.000000e-004
4.045649513325272e-006	1.047102e-001	5.000000e-004
4.048935227610985e-006	1.048158e-001	5.000000e-004
4.052220941896698e-006	1.049137e-001	5.000000e-004
4.055506656182411e-006	1.050039e-001	5.000000e-004
4.058792370468125e-006	1.050866e-001	5.000000e-004
4.062078084753838e-006	1.051615e-001	5.000000e-004
4.065363799039551e-006	1.052288e-001	5.000000e-004
4.068649513325264e-006	1.052885e-001	5.000000e-004
4.072078084753834e-006	1.053456e-001	5.000000e-004
4.075506656182404e-006	1.053985e-001	5.000000e-004
4.078935227610974e-006	1.054471e-001	5.000000e-004
4.082363799039545e-006	1.054914e-001	5.000000e-004
4.085792370468115e-006	1.055314e-001	5.000000e-004
4.089220941896685e-006	1.055672e-001	5.000000e-004
4.092649513325256e-006	1.055987e-001	5.000000e-004
4.096363799039540e-006	1.056298e-001	5.000000e-004
4.100078084753824e-006	1.056584e-001	5.000000e-004
4.103792370468109e-006	1.056845e-001	5.000000e-004
4.107506656182393e-006	1.057082e-001	5.000000e-004
4.111220941896678e-006	1.057294e-001	5.000000e-004
4.114935227610962e-006	1.057482e-001	5.000000e-004
4.118649513325246e-006	1.057644e-001	5.000000e-004
4.122792370468102e-006	1.057808e-001	5.000000e-004
4.126935227610958e-006	1.057958e-001	5.000000e-004
4.131078084753813e-006	1.058094e-001	5.000000e-004
4.135220941896669e-006	1.058216e-001	5.000000e-004
4.139363799039525e-006	1.058323e-001	5.000000e-004
4.143506656182380e-006	1.058417e-001	5.000000e-004
4.147649513325236e-006	1.058496e-001	5.000000e-004
4.150220941896664e-006	1.058542e-001	5.000000e-004
4.152792370468092e-006	1.058586e-001	5.000000e-004
4.155363799039520e-006	1.058627e-001	5.000000e-004
4.157935227610947e-006	1.058665e-001	5.000000e-004
4.160506656182375e-006	1.058700e-001	5.000000e-004
4.163078084753802e-006	1.058733e-001	5.000000e-004
4.165649513325230e-006	1.058763e-001	5.000000e-004
4.166649513325230e-006	1.058774e-001	5.000000e-004
4.172649513325228e-006	1.058832e-001	5.000000e-004
4.178649513325226e-006	1.058884e-001	5.000000e-004
4.184649513325223e-006	1.058929e-001	5.000000e-004
4.190649513325221e-006	1.058967e-001	5.000000e-004
4.196649513325219e-006	1.059000e-001	5.000000e-004
4.202649513325217e-006	1.059026e-001	5.000000e-004
4.208649513325215e-006	1.059045e-001	5.000000e-004
4.217935227610926e-006	1.059070e-001	5.000000e-004
4.227220941896637e-006	1.059091e-001	5.000000e-004
4.236506656182348e-006	1.059109e-001	5.000000e-004
4.245792370468060e-006	1.059124e-001	5.000000e-004
4.255078084753770e-006	1.059134e-001	5.000000e-004
4.264363799039482e-006	1.059142e-001	5.000000e-004
4.273649513325192e-006	1.059145e-001	5.000000e-004
4.297078084753756e-006	1.059152e-001	5.000000e-004
4.320506656182319e-006	1.059158e-001	5.000000e-004
4.343935227610882e-006	1.059162e-001	5.000000e-004
4.367363799039446e-006	1.059165e-001	5.000000e-004
4.390792370468009e-006	1.059167e-001	5.000000e-004
4.414220941896572e-006	1.059167e-001	5.000000e-004
4.437649513325135e-006	1.059166e-001	5.000000e-004
4.466649513325125e-006	1.059167e-001	5.000000e-004
4.766649513325021e-006	1.059172e-001	5.000000e-004
5.066649513324916e-006	1.059177e-001	5.000000e-004
5.366649513324812e-006	1.059182e-001	5.000000e-004
5.666649513324707e-006	1.059186e-001	5.000000e-004
5.901000000000000e-006	1.059190e-001	5.000000e-004
5.901039221319402e-006	1.059186e-001	4.803893e-004
5.901117663958206e-006	1.059167e-001	4.411680e-004
5.901274549235814e-006	1.059077e-001	3.627254e-004
5.901588319791030e-006	1.058796e-001	2.058401e-004
5.901630541453054e-006	1.058746e-001	1.847293e-004
5.901714984777104e-006	1.058622e-001	1.425076e-004
5.901831113351900e-006	1.058423e-001	8.444332e-005
5.902000000000000e-006	1.058093e-001	1.742313e-016
5.902016888664810e-006	1.058054e-001	5.807710e-017
5.902050665994429e-006	1.057976e-001	0.000000e+000
5.902118220653669e-006	1.057819e-001	0.000000e+000
5.902253329972149e-006	1.057494e-001	0.000000e+000
5.902523548609107e-006	1.056789e-001	0.000000e+000
5.902855501502510e-006	1.055793e-001	0.000000e+000
5.903442611772875e-006	1.053706e-001	0.000000e+000
5.904262942039998e-006	1.050228e-001	0.000000e+000
5.905262942039997e-006	1.045213e-001	0.000000e+000
5.906262942039997e-006	1.039430e-001	0.000000e+000
5.907262942039997e-006	1.032946e-001	0.000000e+000
5.908262942039996e-006	1.025863e-001	0.000000e+000
5.909262942039996e-006	1.018272e-001	0.000000e+000
5.910262942039996e-006	1.010255e-001	0.000000e+000
5.911262942039995e-006	1.001883e-001	0.000000e+000
5.912262942039995e-006	9.932215e-002	0.000000e+000
5.913262942039995e-006	9.843282e-002	0.000000e+000
5.915262942039994e-006	9.660460e-002	0.000000e+000
5.917262942039993e-006	9.473825e-002	0.000000e+000
5.919262942039993e-006	9.286095e-002	0.000000e+000
5.922262942039992e-006	9.006944e-002	0.000000e+000
5.925262942039990e-006	8.735165e-002	0.000000e+000
5.927405799182847e-006	8.546808e-002	0.000000e+000
5.929548656325703e-006	8.365590e-002	0.000000e+000
5.931691513468560e-006	8.191513e-002	0.000000e+000
5.933834370611416e-006	8.024575e-002	0.000000e+000
5.935977227754273e-006	7.864776e-002	0.000000e+000
5.938120084897129e-006	7.712118e-002	0.000000e+000
5.940262942039985e-006	7.566600e-002	0.000000e+000
5.941548656325699e-006	7.483099e-002	0.000000e+000
5.942834370611413e-006	7.402057e-002	0.000000e+000
5.944120084897127e-006	7.323473e-002	0.000000e+000
5.945405799182841e-006	7.247348e-002	0.000000e+000
5.946691513468554e-006	7.173680e-002	0.000000e+000
5.947977227754269e-006	7.102471e-002	0.000000e+000
5.949262942039982e-006	7.033721e-002	0.000000e+000
5.950262942039982e-006	6.981723e-002	0.000000e+000
5.953405799182838e-006	6.828990e-002	0.000000e+000
5.956548656325693e-006	6.686639e-002	0.000000e+000
5.959691513468550e-006	6.554671e-002	0.000000e+000
5.962834370611406e-006	6.433085e-002	0.000000e+000
5.965977227754262e-006	6.321882e-002	0.000000e+000
5.969120084897118e-006	6.221061e-002	0.000000e+000
5.972262942039974e-006	6.130623e-002	0.000000e+000
5.975405799182830e-006	6.047293e-002	0.000000e+000
5.978548656325686e-006	5.969763e-002	0.000000e+000
5.981691513468542e-006	5.898033e-002	0.000000e+000
5.984834370611398e-006	5.832102e-002	0.000000e+000
5.987977227754255e-006	5.771970e-002	0.000000e+000
5.991120084897110e-006	5.717638e-002	0.000000e+000
5.994262942039966e-006	5.669105e-002	0.000000e+000
5.997405799182823e-006	5.624316e-002	0.000000e+000
6.000548656325678e-006	5.582658e-002	0.000000e+000
6.003691513468534e-006	5.544133e-002	0.000000e+000
6.006834370611391e-006	5.508740e-002	0.000000e+000
6.009977227754247e-006	5.476478e-002	0.000000e+000
6.013120084897102e-006	5.447349e-002	0.000000e+000
6.016262942039959e-006	5.421352e-002	0.000000e+000
6.019548656325672e-006	5.396344e-002	0.000000e+000
6.022834370611385e-006	5.373149e-002	0.000000e+000
6.026120084897098e-006	5.351765e-002	0.000000e+000
6.029405799182812e-006	5.332193e-002	0.000000e+000
6.032691513468524e-006	5.314432e-002	0.000000e+000
6.035977227754238e-006	5.298484e-002	0.000000e+000
6.039262942039951e-006	5.284347e-002	0.000000e+000
6.042548656325664e-006	5.271331e-002	0.000000e+000
6.045834370611377e-006	5.259257e-002	0.000000e+000
6.049120084897090e-006	5.248127e-002	0.000000e+000
6.052405799182804e-006	5.237940e-002	0.000000e+000
6.055691513468516e-006	5.228697e-002	0.000000e+000
6.058977227754230e-006	5.220396e-002	0.000000e+000
6.062262942039943e-006	5.213039e-002	0.000000e+000
6.065691513468513e-006	5.205994e-002	0.000000e+000
6.069120084897083e-006	5.199476e-002	0.000000e+000
6.072548656325653e-006	5.193486e-002	0.000000e+000
6.075977227754224e-006	5.188024e-002	0.000000e+000
6.079405799182794e-006	5.183088e-002	0.000000e+000
6.082834370611364e-006	5.178681e-002	0.000000e+000
6.086262942039934e-006	5.174800e-002	0.000000e+000
6.089834370611362e-006	5.171101e-002	0.000000e+000
6.093405799182789e-006	5.167687e-002	0.000000e+000
6.096977227754217e-006	5.164559e-002	0.000000e+000
6.100548656325643e-006	5.161716e-002	0.000000e+000
6.104120084897071e-006	5.159160e-002	0.000000e+000
6.107691513468498e-006	5.156889e-002	0.000000e+000
6.111262942039926e-006	5.154903e-002	0.000000e+000
6.115120084897067e-006	5.152952e-002	0.000000e+000
6.118977227754209e-006	5.151161e-002	0.000000e+000
6.122834370611350e-006	5.149529e-002	0.000000e+000
6.126691513468492e-006	5.148056e-002	0.000000e+000
6.130548656325633e-006	5.146744e-002	0.000000e+000
6.134405799182775e-006	5.145591e-002	0.000000e+000
6.138262942039916e-006	5.144597e-002	0.000000e+000
6.142834370611343e-006	5.143542e-002	0.000000e+000
6.147405799182770e-006	5.142584e-002	0.000000e+000
6.151977227754198e-006	5.141724e-002	0.000000e+000
6.156548656325624e-006	5.140962e-002	0.000000e+000
6.161120084897051e-006	5.140297e-002	0.000000e+000
6.165691513468478e-006	5.139729e-002	0.000000e+000
6.170262942039905e-006	5.139260e-002	0.000000e+000
6.176405799182760e-006	5.138711e-002	0.000000e+000
6.182548656325615e-006	5.138225e-002	0.000000e+000
6.188691513468470e-006	5.137800e-002	0.000000e+000
6.194834370611325e-006	5.137437e-002	0.000000e+000
6.200977227754180e-006	5.137136e-002	0.000000e+000
6.207120084897035e-006	5.136896e-002	0.000000e+000
6.213262942039890e-006	5.136718e-002	0.000000e+000
6.218405799182746e-006	5.136579e-002	0.000000e+000
6.223548656325600e-006	5.136454e-002	0.000000e+000
6.228691513468456e-006	5.136343e-002	0.000000e+000
6.233834370611312e-006	5.136246e-002	0.000000e+000
6.238977227754167e-006	5.136162e-002	0.000000e+000
6.244120084897022e-006	5.136093e-002	0.000000e+000
6.249262942039878e-006	5.136038e-002	0.000000e+000
6.250262942039877e-006	5.136027e-002	0.000000e+000
6.265977227754158e-006	5.135918e-002	0.000000e+000
6.281691513468438e-006	5.135828e-002	0.000000e+000
6.297405799182718e-006	5.135757e-002	0.000000e+000
6.313120084896998e-006	5.135707e-002	0.000000e+000
6.328834370611279e-006	5.135675e-002	0.000000e+000
6.344548656325558e-006	5.135663e-002	0.000000e+000
6.360262942039839e-006	5.135670e-002	0.000000e+000
6.550262942039773e-006	5.135652e-002	0.000000e+000
6.850262942039668e-006	5.135649e-002	0.000000e+000
7.150262942039564e-006	5.135646e-002	0.000000e+000
7.450262942039459e-006	5.135643e-002	0.000000e+000
7.750262942039541e-006	5.135640e-002	0.000000e+000
7.899999999999999e-006	5.135639e-002	0.000000e+000
7.900099999999999e-006	5.135933e-002	5.000000e-005
7.900300000000000e-006	5.137083e-002	1.500000e-004
7.900600000000000e-006	5.140404e-002	3.000000e-004
7.900999999999999e-006	5.146803e-002	5.000000e-004
7.901039999999999e-006	5.147716e-002	5.000000e-004
7.901119999999999e-006	5.149572e-002	5.000000e-004
7.901279999999999e-006	5.153443e-002	5.000000e-004
7.901543141406147e-006	5.160341e-002	5.000000e-004
7.901827670481335e-006	5.168749e-002	5.000000e-004
7.902243456511464e-006	5.182887e-002	5.000000e-004
7.902858959623210e-006	5.207465e-002	5.000000e-004
7.903858959623210e-006	5.254546e-002	5.000000e-004
7.904858959623211e-006	5.309259e-002	5.000000e-004
7.905858959623211e-006	5.371414e-002	5.000000e-004
7.906858959623212e-006	5.439949e-002	5.000000e-004
7.907858959623212e-006	5.513915e-002	5.000000e-004
7.908858959623213e-006	5.592464e-002	5.000000e-004
7.909858959623213e-006	5.674836e-002	5.000000e-004
7.910858959623214e-006	5.760355e-002	5.000000e-004
7.911858959623214e-006	5.848416e-002	5.000000e-004
7.913858959623215e-006	6.030069e-002	5.000000e-004
7.915858959623216e-006	6.216164e-002	5.000000e-004
7.917858959623217e-006	6.403846e-002	5.000000e-004
7.920858959623219e-006	6.683612e-002	5.000000e-004
7.923858959623220e-006	6.956584e-002	5.000000e-004
7.925858959623221e-006	7.133631e-002	5.000000e-004
7.927858959623222e-006	7.304528e-002	5.000000e-004
7.929858959623223e-006	7.469274e-002	5.000000e-004
7.931858959623224e-006	7.627870e-002	5.000000e-004
7.933858959623225e-006	7.780315e-002	5.000000e-004
7.935858959623226e-006	7.926609e-002	5.000000e-004
7.937858959623227e-006	8.066753e-002	5.000000e-004
7.941001816766085e-006	8.271526e-002	5.000000e-004
7.944144673908945e-006	8.462931e-002	5.000000e-004
7.947287531051803e-006	8.640968e-002	5.000000e-004
7.950430388194662e-006	8.805635e-002	5.000000e-004
7.953573245337520e-006	8.956934e-002	5.000000e-004
7.956716102480380e-006	9.094864e-002	5.000000e-004
7.959858959623238e-006	9.219426e-002	5.000000e-004
7.963001816766096e-006	9.333906e-002	5.000000e-004
7.966144673908956e-006	9.440479e-002	5.000000e-004
7.969287531051814e-006	9.539147e-002	5.000000e-004
7.972430388194673e-006	9.629908e-002	5.000000e-004
7.975573245337531e-006	9.712762e-002	5.000000e-004
7.978716102480391e-006	9.787711e-002	5.000000e-004
7.981858959623249e-006	9.854753e-002	5.000000e-004
7.985001816766107e-006	9.916592e-002	5.000000e-004
7.988144673908967e-006	9.974113e-002	5.000000e-004
7.991287531051825e-006	1.002732e-001	5.000000e-004
7.994430388194684e-006	1.007620e-001	5.000000e-004
7.997573245337542e-006	1.012077e-001	5.000000e-004
8.000716102480402e-006	1.016103e-001	5.000000e-004
8.003858959623260e-006	1.019696e-001	5.000000e-004
8.007001816766118e-006	1.023013e-001	5.000000e-004
8.010144673908978e-006	1.026098e-001	5.000000e-004
8.013287531051836e-006	1.028951e-001	5.000000e-004
8.016430388194695e-006	1.031572e-001	5.000000e-004
8.019573245337553e-006	1.033961e-001	5.000000e-004
8.022716102480413e-006	1.036117e-001	5.000000e-004
8.025858959623271e-006	1.038042e-001	5.000000e-004
8.028001816766129e-006	1.039280e-001	5.000000e-004
8.030144673908988e-006	1.040455e-001	5.000000e-004
8.032287531051845e-006	1.041567e-001	5.000000e-004
8.034430388194704e-006	1.042614e-001	5.000000e-004
8.036573245337562e-006	1.043599e-001	5.000000e-004
8.038716102480421e-006	1.044520e-001	5.000000e-004
8.040858959623278e-006	1.045377e-001	5.000000e-004
8.041858959623279e-006	1.045764e-001	5.000000e-004
8.045144673908995e-006	1.046939e-001	5.000000e-004
8.048430388194711e-006	1.048029e-001	5.000000e-004
8.051716102480427e-006	1.049034e-001	5.000000e-004
8.055001816766142e-006	1.049954e-001	5.000000e-004
8.058287531051858e-006	1.050789e-001	5.000000e-004
8.061573245337574e-006	1.051539e-001	5.000000e-004
8.064858959623290e-006	1.052203e-001	5.000000e-004
8.068287531051863e-006	1.052839e-001	5.000000e-004
8.071716102480437e-006	1.053428e-001	5.000000e-004
8.075144673909010e-006	1.053969e-001	5.000000e-004
8.078573245337583e-006	1.054462e-001	5.000000e-004
8.082001816766155e-006	1.054908e-001	5.000000e-004
8.085430388194730e-006	1.055306e-001	5.000000e-004
8.088858959623302e-006	1.055656e-001	5.000000e-004
8.092430388194733e-006	1.055991e-001	5.000000e-004
8.096001816766162e-006	1.056299e-001	5.000000e-004
8.099573245337593e-006	1.056581e-001	5.000000e-004
8.103144673909024e-006	1.056838e-001	5.000000e-004
8.106716102480455e-006	1.057069e-001	5.000000e-004
8.110287531051884e-006	1.057274e-001	5.000000e-004
8.113858959623315e-006	1.057454e-001	5.000000e-004
8.117858959623317e-006	1.057636e-001	5.000000e-004
8.121858959623319e-006	1.057803e-001	5.000000e-004
8.125858959623321e-006	1.057954e-001	5.000000e-004
8.129858959623323e-006	1.058090e-001	5.000000e-004
8.133858959623325e-006	1.058211e-001	5.000000e-004
8.137858959623327e-006	1.058317e-001	5.000000e-004
8.141858959623329e-006	1.058407e-001	5.000000e-004
8.146716102480475e-006	1.058505e-001	5.000000e-004
8.151573245337619e-006	1.058593e-001	5.000000e-004
8.156430388194765e-006	1.058672e-001	5.000000e-004
8.161287531051909e-006	1.058742e-001	5.000000e-004
8.166144673909055e-006	1.058802e-001	5.000000e-004
8.171001816766200e-006	1.058852e-001	5.000000e-004
8.175858959623346e-006	1.058894e-001	5.000000e-004
8.182430388194778e-006	1.058942e-001	5.000000e-004
8.189001816766209e-006	1.058984e-001	5.000000e-004
8.195573245337641e-006	1.059021e-001	5.000000e-004
8.202144673909073e-006	1.059053e-001	5.000000e-004
8.208716102480506e-006	1.059078e-001	5.000000e-004
8.215287531051936e-006	1.059098e-001	5.000000e-004
8.221858959623369e-006	1.059112e-001	5.000000e-004
8.232716102480518e-006	1.059132e-001	5.000000e-004
8.243573245337665e-006	1.059148e-001	5.000000e-004
8.254430388194814e-006	1.059161e-001	5.000000e-004
8.265287531051961e-006	1.059171e-001	5.000000e-004
8.276144673909110e-006	1.059179e-001	5.000000e-004
8.287001816766258e-006	1.059184e-001	5.000000e-004
8.297858959623407e-006	1.059185e-001	5.000000e-004
8.341858959623429e-006	1.059193e-001	5.000000e-004
8.641858959623578e-006	1.059200e-001	5.000000e-004
8.941858959623728e-006	1.059205e-001	5.000000e-004
9.241858959623877e-006	1.059209e-001	5.000000e-004
9.541858959624027e-006	1.059214e-001	5.000000e-004
9.841858959624177e-006	1.059219e-001	5.000000e-004
9.900999999999999e-006	1.059220e-001	5.000000e-004
9.901030751549047e-006	1.059217e-001	4.846242e-004
9.901092254647144e-006	1.059206e-001	4.538727e-004
9.901215260843339e-006	1.059150e-001	3.923696e-004
9.901461273235727e-006	1.058960e-001	2.693634e-004
9.901611103677311e-006	1.058799e-001	1.944482e-004
9.901700339116832e-006	1.058676e-001	1.498304e-004
9.901821529120957e-006	1.058471e-001	8.923544e-005
9.901999999999999e-006	1.058124e-001	0.000000e+000
9.902017847087904e-006	1.058083e-001	0.000000e+000
9.902053541263712e-006	1.058000e-001	0.000000e+000
9.902124929615329e-006	1.057834e-001	0.000000e+000
9.902267706318564e-006	1.057490e-001	0.000000e+000
9.902553259725032e-006	1.056738e-001	0.000000e+000
9.902885021529437e-006	1.055726e-001	0.000000e+000
9.903546951365778e-006	1.053332e-001	0.000000e+000
9.904337632944383e-006	1.049926e-001	0.000000e+000
9.905337632944383e-006	1.044840e-001	0.000000e+000
9.906337632944384e-006	1.039000e-001	0.000000e+000
9.907337632944384e-006	1.032468e-001	0.000000e+000
9.908337632944385e-006	1.025344e-001	0.000000e+000
9.909337632944385e-006	1.017719e-001	0.000000e+000
9.910337632944386e-006	1.009673e-001	0.000000e+000
9.911337632944386e-006	1.001277e-001	0.000000e+000
9.912337632944387e-006	9.925967e-002	0.000000e+000
9.913337632944387e-006	9.836882e-002	0.000000e+000
9.915337632944388e-006	9.653860e-002	0.000000e+000
9.917337632944389e-006	9.467139e-002	0.000000e+000
9.919337632944390e-006	9.279413e-002	0.000000e+000
9.922337632944392e-006	9.000391e-002	0.000000e+000
9.924194775801536e-006	8.830148e-002	0.000000e+000
9.926051918658679e-006	8.664806e-002	0.000000e+000
9.927909061515824e-006	8.504364e-002	0.000000e+000
9.929766204372966e-006	8.348823e-002	0.000000e+000
9.931623347230111e-006	8.198181e-002	0.000000e+000
9.933480490087254e-006	8.052441e-002	0.000000e+000
9.935337632944398e-006	7.911600e-002	0.000000e+000
9.938480490087256e-006	7.688856e-002	0.000000e+000
9.941623347230116e-006	7.480334e-002	0.000000e+000
9.944766204372974e-006	7.286033e-002	0.000000e+000
9.947909061515834e-006	7.105955e-002	0.000000e+000
9.951051918658692e-006	6.940099e-002	0.000000e+000
9.954194775801551e-006	6.788465e-002	0.000000e+000
9.957337632944409e-006	6.651054e-002	0.000000e+000
9.960480490087267e-006	6.524930e-002	0.000000e+000
9.963623347230127e-006	6.407483e-002	0.000000e+000
9.966766204372985e-006	6.298713e-002	0.000000e+000
9.969909061515845e-006	6.198619e-002	0.000000e+000
9.973051918658703e-006	6.107201e-002	0.000000e+000
9.976194775801562e-006	6.024461e-002	0.000000e+000
9.979337632944420e-006	5.950397e-002	0.000000e+000
9.982480490087278e-006	5.882100e-002	0.000000e+000
9.985623347230138e-006	5.818568e-002	0.000000e+000
9.988766204372996e-006	5.759800e-002	0.000000e+000
9.991909061515856e-006	5.705797e-002	0.000000e+000
9.995051918658714e-006	5.656559e-002	0.000000e+000
9.998194775801573e-006	5.612085e-002	0.000000e+000
1.000133763294443e-005	5.572375e-002	0.000000e+000
1.000448049008729e-005	5.535723e-002	0.000000e+000
1.000762334723015e-005	5.501634e-002	0.000000e+000
1.001076620437301e-005	5.470110e-002	0.000000e+000
1.001390906151587e-005	5.441151e-002	0.000000e+000
1.001705191865872e-005	5.414755e-002	0.000000e+000
1.002019477580158e-005	5.390924e-002	0.000000e+000
1.002333763294444e-005	5.369657e-002	0.000000e+000
1.002662334723016e-005	5.349199e-002	0.000000e+000
1.002990906151587e-005	5.330223e-002	0.000000e+000
1.003319477580159e-005	5.312730e-002	0.000000e+000
1.003648049008731e-005	5.296719e-002	0.000000e+000
1.003976620437302e-005	5.282190e-002	0.000000e+000
1.004305191865874e-005	5.269144e-002	0.000000e+000
1.004633763294445e-005	5.257580e-002	0.000000e+000
1.004962334723017e-005	5.246933e-002	0.000000e+000
1.005290906151589e-005	5.237056e-002	0.000000e+000
1.005619477580160e-005	5.227952e-002	0.000000e+000
1.005948049008732e-005	5.219619e-002	0.000000e+000
1.006276620437303e-005	5.212057e-002	0.000000e+000
1.006605191865875e-005	5.205267e-002	0.000000e+000
1.006933763294447e-005	5.199249e-002	0.000000e+000
1.007276620437304e-005	5.193486e-002	0.000000e+000
1.007619477580161e-005	5.188155e-002	0.000000e+000
1.007962334723019e-005	5.183255e-002	0.000000e+000
1.008305191865876e-005	5.178787e-002	0.000000e+000
1.008648049008733e-005	5.174749e-002	0.000000e+000
1.008990906151590e-005	5.171144e-002	0.000000e+000
1.009333763294448e-005	5.167970e-002	0.000000e+000
1.009705191865876e-005	5.164833e-002	0.000000e+000
1.010076620437305e-005	5.161946e-002	0.000000e+000
1.010448049008734e-005	5.159308e-002	0.000000e+000
1.010819477580163e-005	5.156920e-002	0.000000e+000
1.011190906151592e-005	5.154782e-002	0.000000e+000
1.011562334723020e-005	5.152892e-002	0.000000e+000
1.011933763294449e-005	5.151252e-002	0.000000e+000
1.012533763294449e-005	5.148855e-002	0.000000e+000
1.012962334723021e-005	5.147417e-002	0.000000e+000
1.013390906151593e-005	5.146106e-002	0.000000e+000
1.013819477580164e-005	5.144922e-002	0.000000e+000
1.014248049008736e-005	5.143864e-002	0.000000e+000
1.014676620437308e-005	5.142934e-002	0.000000e+000
1.015105191865879e-005	5.142131e-002	0.000000e+000
1.015533763294451e-005	5.141455e-002	0.000000e+000
1.016062334723023e-005	5.140718e-002	0.000000e+000
1.016590906151594e-005	5.140055e-002	0.000000e+000
1.017119477580166e-005	5.139469e-002	0.000000e+000
1.017648049008738e-005	5.138957e-002	0.000000e+000
1.018176620437309e-005	5.138521e-002	0.000000e+000
1.018705191865881e-005	5.138160e-002	0.000000e+000
1.019233763294453e-005	5.137874e-002	0.000000e+000
1.020005191865882e-005	5.137522e-002	0.000000e+000
1.020776620437311e-005	5.137216e-002	0.000000e+000
1.021548049008739e-005	5.136954e-002	0.000000e+000
1.022319477580169e-005	5.136739e-002	0.000000e+000
1.023090906151598e-005	5.136568e-002	0.000000e+000
1.023862334723026e-005	5.136443e-002	0.000000e+000
1.024633763294455e-005	5.136363e-002	0.000000e+000
1.026119477580170e-005	5.136245e-002	0.000000e+000
1.027605191865885e-005	5.136147e-002	0.000000e+000
1.029090906151601e-005	5.136070e-002	0.000000e+000
1.030576620437315e-005	5.136013e-002	0.000000e+000
1.032062334723031e-005	5.135978e-002	0.000000e+000
1.033548049008745e-005	5.135962e-002	0.000000e+000
1.035033763294461e-005	5.135968e-002	0.000000e+000
1.042533763294464e-005	5.135948e-002	0.000000e+000
1.072533763294479e-005	5.135941e-002	0.000000e+000
1.102533763294494e-005	5.135937e-002	0.000000e+000
1.132533763294509e-005	5.135932e-002	0.000000e+000
1.162533763294524e-005	5.135928e-002	0.000000e+000
1.190000000000000e-005	5.135924e-002	0.000000e+000
1.190010000000000e-005	5.136218e-002	5.000000e-005
1.190030000000000e-005	5.137369e-002	1.500000e-004
1.190060000000000e-005	5.140690e-002	3.000000e-004
1.190100000000000e-005	5.147089e-002	5.000000e-004
1.190104000000000e-005	5.148002e-002	5.000000e-004
1.190112000000000e-005	5.149858e-002	5.000000e-004
1.190128000000000e-005	5.153728e-002	5.000000e-004
1.190154315302943e-005	5.160627e-002	5.000000e-004
1.190182768926411e-005	5.169035e-002	5.000000e-004
1.190224350284560e-005	5.183174e-002	5.000000e-004
1.190285902988529e-005	5.207753e-002	5.000000e-004
1.190385902988529e-005	5.254835e-002	5.000000e-004
1.190485902988529e-005	5.309549e-002	5.000000e-004
1.190585902988529e-005	5.371704e-002	5.000000e-004
1.190685902988530e-005	5.440239e-002	5.000000e-004
1.190785902988530e-005	5.514206e-002	5.000000e-004
1.190885902988530e-005	5.592755e-002	5.000000e-004
1.190985902988530e-005	5.675127e-002	5.000000e-004
1.191085902988530e-005	5.760647e-002	5.000000e-004
1.191185902988530e-005	5.848708e-002	5.000000e-004
1.191385902988530e-005	6.030361e-002	5.000000e-004
1.191585902988530e-005	6.216456e-002	5.000000e-004
1.191685902988530e-005	6.310251e-002	5.000000e-004
1.191985902988530e-005	6.591178e-002	5.000000e-004
1.192285902988530e-005	6.866893e-002	5.000000e-004
1.192485902988530e-005	7.046548e-002	5.000000e-004
1.192685902988531e-005	7.220178e-002	5.000000e-004
1.192885902988531e-005	7.387785e-002	5.000000e-004
1.193085902988531e-005	7.549368e-002	5.000000e-004
1.193285902988531e-005	7.704927e-002	5.000000e-004
1.193485902988531e-005	7.854462e-002	5.000000e-004
1.193685902988531e-005	7.997973e-002	5.000000e-004
1.194000188702817e-005	8.207778e-002	5.000000e-004
1.194314474417103e-005	8.403964e-002	5.000000e-004
1.194628760131389e-005	8.586529e-002	5.000000e-004
1.194943045845675e-005	8.755475e-002	5.000000e-004
1.195257331559960e-005	8.910801e-002	5.000000e-004
1.195571617274246e-005	9.052507e-002	5.000000e-004
1.195885902988532e-005	9.180593e-002	5.000000e-004
1.196200188702818e-005	9.298273e-002	5.000000e-004
1.196514474417104e-005	9.407834e-002	5.000000e-004
1.196828760131390e-005	9.509276e-002	5.000000e-004
1.197143045845676e-005	9.602599e-002	5.000000e-004
1.197457331559961e-005	9.687803e-002	5.000000e-004
1.197771617274247e-005	9.764888e-002	5.000000e-004
1.198085902988533e-005	9.833854e-002	5.000000e-004
1.198400188702819e-005	9.897463e-002	5.000000e-004
1.198714474417105e-005	9.956632e-002	5.000000e-004
1.199028760131391e-005	1.001136e-001	5.000000e-004
1.199343045845677e-005	1.006165e-001	5.000000e-004
1.199657331559963e-005	1.010750e-001	5.000000e-004
1.199971617274249e-005	1.014891e-001	5.000000e-004
1.200285902988534e-005	1.018588e-001	5.000000e-004
1.200600188702820e-005	1.022000e-001	5.000000e-004
1.200914474417106e-005	1.025174e-001	5.000000e-004
1.201228760131392e-005	1.028109e-001	5.000000e-004
1.201543045845678e-005	1.030805e-001	5.000000e-004
1.201857331559964e-005	1.033263e-001	5.000000e-004
1.202171617274250e-005	1.035481e-001	5.000000e-004
1.202485902988535e-005	1.037461e-001	5.000000e-004
1.202814474417107e-005	1.039366e-001	5.000000e-004
1.203143045845679e-005	1.041132e-001	5.000000e-004
1.203471617274250e-005	1.042761e-001	5.000000e-004
1.203800188702822e-005	1.044252e-001	5.000000e-004
1.204128760131393e-005	1.045604e-001	5.000000e-004
1.204457331559965e-005	1.046819e-001	5.000000e-004
1.204785902988537e-005	1.047895e-001	5.000000e-004
1.205114474417108e-005	1.048887e-001	5.000000e-004
1.205443045845680e-005	1.049806e-001	5.000000e-004
1.205771617274251e-005	1.050654e-001	5.000000e-004
1.206100188702823e-005	1.051430e-001	5.000000e-004
1.206428760131394e-005	1.052134e-001	5.000000e-004
1.206757331559966e-005	1.052766e-001	5.000000e-004
1.207085902988538e-005	1.053326e-001	5.000000e-004
1.207428760131395e-005	1.053863e-001	5.000000e-004
1.207771617274252e-005	1.054359e-001	5.000000e-004
1.208114474417110e-005	1.054816e-001	5.000000e-004
1.208457331559967e-005	1.055232e-001	5.000000e-004
1.208800188702824e-005	1.055607e-001	5.000000e-004
1.209143045845682e-005	1.055943e-001	5.000000e-004
1.209485902988539e-005	1.056239e-001	5.000000e-004
1.209857331559968e-005	1.056531e-001	5.000000e-004
1.210228760131396e-005	1.056800e-001	5.000000e-004
1.210600188702825e-005	1.057045e-001	5.000000e-004
1.210971617274254e-005	1.057268e-001	5.000000e-004
1.211343045845683e-005	1.057467e-001	5.000000e-004
1.211714474417111e-005	1.057643e-001	5.000000e-004
1.212085902988540e-005	1.057795e-001	5.000000e-004
1.212500188702826e-005	1.057950e-001	5.000000e-004
1.212914474417112e-005	1.058090e-001	5.000000e-004
1.213328760131398e-005	1.058218e-001	5.000000e-004
1.213743045845684e-005	1.058332e-001	5.000000e-004
1.214157331559970e-005	1.058433e-001	5.000000e-004
1.214571617274256e-005	1.058521e-001	5.000000e-004
1.214985902988542e-005	1.058595e-001	5.000000e-004
1.215500188702828e-005	1.058677e-001	5.000000e-004
1.216014474417114e-005	1.058751e-001	5.000000e-004
1.216528760131400e-005	1.058816e-001	5.000000e-004
1.217043045845686e-005	1.058874e-001	5.000000e-004
1.217557331559971e-005	1.058923e-001	5.000000e-004
1.218071617274258e-005	1.058964e-001	5.000000e-004
1.218585902988543e-005	1.058996e-001	5.000000e-004
1.219014474417115e-005	1.059021e-001	5.000000e-004
1.219443045845687e-005	1.059044e-001	5.000000e-004
1.219871617274258e-005	1.059065e-001	5.000000e-004
1.220300188702830e-005	1.059084e-001	5.000000e-004
1.220728760131402e-005	1.059100e-001	5.000000e-004
1.221157331559973e-005	1.059114e-001	5.000000e-004
1.221585902988545e-005	1.059126e-001	5.000000e-004
1.221685902988545e-005	1.059128e-001	5.000000e-004
1.222700188702831e-005	1.059149e-001	5.000000e-004
1.223714474417117e-005	1.059167e-001	5.000000e-004
1.224728760131404e-005	1.059182e-001	5.000000e-004
1.225743045845690e-005	1.059194e-001	5.000000e-004
1.226757331559976e-005	1.059202e-001	5.000000e-004
1.227771617274262e-005	1.059208e-001	5.000000e-004
1.228785902988549e-005	1.059210e-001	5.000000e-004
1.231885902988550e-005	1.059216e-001	5.000000e-004
1.234985902988552e-005	1.059220e-001	5.000000e-004
1.238085902988553e-005	1.059223e-001	5.000000e-004
1.241185902988555e-005	1.059225e-001	5.000000e-004
1.244285902988556e-005	1.059227e-001	5.000000e-004
1.247385902988558e-005	1.059227e-001	5.000000e-004
1.250485902988559e-005	1.059226e-001	5.000000e-004
1.251685902988560e-005	1.059226e-001	5.000000e-004
1.281685902988575e-005	1.059231e-001	5.000000e-004
1.311685902988590e-005	1.059235e-001	5.000000e-004
1.341685902988605e-005	1.059240e-001	5.000000e-004
1.371685902988620e-005	1.059245e-001	5.000000e-004
1.390100000000000e-005	1.059247e-001	5.000000e-004
1.390103083586355e-005	1.059245e-001	4.845821e-004
1.390109250759064e-005	1.059234e-001	4.537462e-004
1.390121585104483e-005	1.059178e-001	3.920745e-004
1.390146253795322e-005	1.058987e-001	2.687310e-004
1.390161154099085e-005	1.058826e-001	1.942295e-004
1.390170199392472e-005	1.058702e-001	1.490030e-004
1.390181909413226e-005	1.058503e-001	9.045294e-005
1.390200000000000e-005	1.058151e-001	0.000000e+000
1.390201809058677e-005	1.058110e-001	0.000000e+000
1.390205427176032e-005	1.058026e-001	0.000000e+000
1.390212663410742e-005	1.057858e-001	0.000000e+000
1.390227135880160e-005	1.057508e-001	0.000000e+000
1.390256080818998e-005	1.056745e-001	0.000000e+000
1.390289273418940e-005	1.055729e-001	0.000000e+000
1.390355658618823e-005	1.053322e-001	0.000000e+000
1.390434687840296e-005	1.049911e-001	0.000000e+000
1.390534687840296e-005	1.044817e-001	0.000000e+000
1.390634687840296e-005	1.038970e-001	0.000000e+000
1.390734687840296e-005	1.032432e-001	0.000000e+000
1.390834687840296e-005	1.025304e-001	0.000000e+000
1.390934687840296e-005	1.017674e-001	0.000000e+000
1.391034687840296e-005	1.009624e-001	0.000000e+000
1.391134687840296e-005	1.001226e-001	0.000000e+000
1.391234687840296e-005	9.925430e-002	0.000000e+000
1.391334687840296e-005	9.836327e-002	0.000000e+000
1.391534687840296e-005	9.653281e-002	0.000000e+000
1.391734687840296e-005	9.466549e-002	0.000000e+000
1.391934687840296e-005	9.278823e-002	0.000000e+000
1.392234687840297e-005	8.999817e-002	0.000000e+000
1.392420402126011e-005	8.829593e-002	0.000000e+000
1.392606116411725e-005	8.664271e-002	0.000000e+000
1.392791830697440e-005	8.503851e-002	0.000000e+000
1.392977544983154e-005	8.348333e-002	0.000000e+000
1.393163259268868e-005	8.197718e-002	0.000000e+000
1.393348973554583e-005	8.052005e-002	0.000000e+000
1.393534687840297e-005	7.911193e-002	0.000000e+000
1.393848973554583e-005	7.688497e-002	0.000000e+000
1.394163259268869e-005	7.480021e-002	0.000000e+000
1.394477544983155e-005	7.285764e-002	0.000000e+000
1.394791830697441e-005	7.105728e-002	0.000000e+000
1.395106116411726e-005	6.939911e-002	0.000000e+000
1.395420402126012e-005	6.788315e-002	0.000000e+000
1.395734687840298e-005	6.650938e-002	0.000000e+000
1.396048973554584e-005	6.524846e-002	0.000000e+000
1.396363259268870e-005	6.407429e-002	0.000000e+000
1.396677544983156e-005	6.298686e-002	0.000000e+000
1.396991830697442e-005	6.198618e-002	0.000000e+000
1.397306116411728e-005	6.107224e-002	0.000000e+000
1.397620402126014e-005	6.024505e-002	0.000000e+000
1.397934687840299e-005	5.950460e-002	0.000000e+000
1.398220402126014e-005	5.887985e-002	0.000000e+000
1.398506116411728e-005	5.829553e-002	0.000000e+000
1.398791830697443e-005	5.775162e-002	0.000000e+000
1.399077544983157e-005	5.724813e-002	0.000000e+000
1.399363259268872e-005	5.678506e-002	0.000000e+000
1.399648973554586e-005	5.636242e-002	0.000000e+000
1.399934687840300e-005	5.598019e-002	0.000000e+000
1.400034687840300e-005	5.585098e-002	0.000000e+000
1.400348973554586e-005	5.547401e-002	0.000000e+000
1.400663259268872e-005	5.512341e-002	0.000000e+000
1.400977544983158e-005	5.479919e-002	0.000000e+000
1.401291830697444e-005	5.450134e-002	0.000000e+000
1.401606116411730e-005	5.422986e-002	0.000000e+000
1.401920402126016e-005	5.398475e-002	0.000000e+000
1.402234687840301e-005	5.376601e-002	0.000000e+000
1.402563259268873e-005	5.355560e-002	0.000000e+000
1.402891830697445e-005	5.336043e-002	0.000000e+000
1.403220402126016e-005	5.318051e-002	0.000000e+000
1.403548973554588e-005	5.301583e-002	0.000000e+000
1.403877544983159e-005	5.286640e-002	0.000000e+000
1.404206116411731e-005	5.273221e-002	0.000000e+000
1.404534687840303e-005	5.261327e-002	0.000000e+000
1.404863259268874e-005	5.250376e-002	0.000000e+000
1.405191830697446e-005	5.240218e-002	0.000000e+000
1.405520402126017e-005	5.230853e-002	0.000000e+000
1.405848973554589e-005	5.222282e-002	0.000000e+000
1.406177544983161e-005	5.214505e-002	0.000000e+000
1.406506116411732e-005	5.207522e-002	0.000000e+000
1.406834687840304e-005	5.201332e-002	0.000000e+000
1.407177544983161e-005	5.195404e-002	0.000000e+000
1.407520402126018e-005	5.189921e-002	0.000000e+000
1.407863259268876e-005	5.184881e-002	0.000000e+000
1.408206116411733e-005	5.180285e-002	0.000000e+000
1.408548973554590e-005	5.176133e-002	0.000000e+000
1.408891830697448e-005	5.172425e-002	0.000000e+000
1.409234687840305e-005	5.169160e-002	0.000000e+000
1.409591830697448e-005	5.166047e-002	0.000000e+000
1.409948973554591e-005	5.163175e-002	0.000000e+000
1.410306116411734e-005	5.160543e-002	0.000000e+000
1.410663259268877e-005	5.158151e-002	0.000000e+000
1.411020402126020e-005	5.156000e-002	0.000000e+000
1.411377544983163e-005	5.154089e-002	0.000000e+000
1.411734687840306e-005	5.152419e-002	0.000000e+000
1.412134687840306e-005	5.150722e-002	0.000000e+000
1.412534687840307e-005	5.149169e-002	0.000000e+000
1.412934687840307e-005	5.147757e-002	0.000000e+000
1.413334687840307e-005	5.146488e-002	0.000000e+000
1.413734687840307e-005	5.145362e-002	0.000000e+000
1.414134687840307e-005	5.144378e-002	0.000000e+000
1.414534687840308e-005	5.143537e-002	0.000000e+000
1.415020402126022e-005	5.142627e-002	0.000000e+000
1.415506116411737e-005	5.141805e-002	0.000000e+000
1.415991830697451e-005	5.141070e-002	0.000000e+000
1.416477544983166e-005	5.140423e-002	0.000000e+000
1.416963259268880e-005	5.139864e-002	0.000000e+000
1.417448973554595e-005	5.139393e-002	0.000000e+000
1.417934687840309e-005	5.139009e-002	0.000000e+000
1.418606116411738e-005	5.138553e-002	0.000000e+000
1.419277544983167e-005	5.138152e-002	0.000000e+000
1.419948973554596e-005	5.137804e-002	0.000000e+000
1.420620402126025e-005	5.137511e-002	0.000000e+000
1.421291830697454e-005	5.137272e-002	0.000000e+000
1.421963259268883e-005	5.137088e-002	0.000000e+000
1.422634687840312e-005	5.136957e-002	0.000000e+000
1.423677544983169e-005	5.136790e-002	0.000000e+000
1.424720402126027e-005	5.136647e-002	0.000000e+000
1.425763259268885e-005	5.136530e-002	0.000000e+000
1.426806116411742e-005	5.136439e-002	0.000000e+000
1.427848973554600e-005	5.136372e-002	0.000000e+000
1.428891830697458e-005	5.136331e-002	0.000000e+000
1.429934687840315e-005	5.136315e-002	0.000000e+000
1.430034687840315e-005	5.136312e-002	0.000000e+000
1.434134687840317e-005	5.136275e-002	0.000000e+000
1.438234687840319e-005	5.136246e-002	0.000000e+000
1.442334687840321e-005	5.136224e-002	0.000000e+000
1.446434687840324e-005	5.136211e-002	0.000000e+000
1.450534687840326e-005	5.136205e-002	0.000000e+000
1.454634687840328e-005	5.136207e-002	0.000000e+000
1.458734687840330e-005	5.136217e-002	0.000000e+000
1.460034687840330e-005	5.136217e-002	0.000000e+000
1.490034687840345e-005	5.136211e-002	0.000000e+000
1.499934687840350e-005	5.136210e-002	0.000000e+000
1.500000000000000e-005	5.136210e-002	0.000000e+000
